Date,High,Low,Open,Close,Volume,Adj Close
2000-01-03,26.978315353393555,25.715259552001953,25.828792572021484,26.666099548339844,18368600.0,11.319205284118652
2000-01-04,26.226158142089844,24.4805850982666,26.226158142089844,24.6508846282959,16251200.0,10.463786125183105
2000-01-05,25.0908260345459,23.671661376953125,24.6508846282959,24.49477767944336,22393400.0,10.397523880004883
2000-01-06,24.4805850982666,22.933696746826172,24.4805850982666,22.933696746826172,15940700.0,9.734878540039062
2000-01-07,24.069028854370117,22.947887420654297,22.947887420654297,23.586511611938477,16284600.0,10.011980056762695
2000-01-10,25.374658584594727,24.36705207824707,24.36705207824707,25.218551635742188,15248400.0,10.704753875732422
2000-01-11,25.374658584594727,24.438011169433594,25.218551635742188,24.6508846282959,10448900.0,10.463786125183105
2000-01-12,25.68687629699707,24.111602783203125,24.6508846282959,25.516576766967773,14583400.0,10.83125114440918
2000-01-13,25.715259552001953,24.9205265045166,25.516576766967773,25.601726531982422,11693500.0,10.867401123046875
2000-01-14,26.098432540893555,25.20435905456543,25.601726531982422,25.544960021972656,12600200.0,10.843304634094238
2000-01-18,26.453224182128906,25.190168380737305,25.544960021972656,25.786216735839844,14202000.0,10.945712089538574
2000-01-19,26.424840927124023,25.289508819580078,25.786216735839844,26.339691162109375,15326300.0,11.180647850036621
2000-01-20,26.765439987182617,25.630109786987305,26.339691162109375,26.368074417114258,13534800.0,11.192704200744629
2000-01-21,26.453224182128906,25.64430046081543,26.368074417114258,25.68687629699707,12901500.0,10.903541564941406
2000-01-24,26.04166603088379,25.3604679107666,25.68687629699707,25.658493041992188,12540800.0,10.891500473022461
2000-01-25,25.715259552001953,24.49477767944336,25.658493041992188,25.57334327697754,15976300.0,10.855350494384766
2000-01-26,25.261125564575195,24.29609489440918,25.261125564575195,24.69346046447754,16310200.0,10.481856346130371
2000-01-27,25.871366500854492,24.29609489440918,24.69346046447754,24.636693954467773,19903400.0,10.457765579223633
2000-01-28,25.40304183959961,24.352861404418945,24.636693954467773,24.69346046447754,12998800.0,10.481856346130371
2000-01-31,24.93471908569336,23.586511611938477,24.69346046447754,24.579927444458008,12228500.0,10.43366813659668
2000-02-01,24.835376739501953,23.61489486694336,24.579927444458008,24.026453018188477,14429700.0,10.19873046875
2000-02-02,25.587533950805664,24.16836929321289,24.16836929321289,25.105018615722656,15050600.0,10.656559944152832
2000-02-03,26.453224182128906,25.20435905456543,25.20435905456543,25.77202606201172,17469300.0,10.939692497253418
2000-02-04,27.16280746459961,25.9707088470459,25.9707088470459,26.7938232421875,20306800.0,11.37342357635498
2000-02-07,29.291553497314453,26.609333038330078,26.7938232421875,29.178020477294922,27691400.0,12.385469436645508
2000-02-08,28.95095443725586,27.815622329711914,28.95095443725586,28.19879722595215,20792100.0,11.96980094909668
2000-02-09,28.837421417236328,27.773046493530273,28.19879722595215,28.156221389770508,18187600.0,11.951733589172363
2000-02-10,28.723886489868164,27.957538604736328,28.156221389770508,28.610353469848633,11129700.0,12.144495964050293
2000-02-11,28.610353469848633,27.219573974609375,28.610353469848633,27.56017303466797,12276100.0,11.698720932006836
2000-02-14,28.212987899780273,27.36149024963379,27.56017303466797,27.929155349731445,14437100.0,11.8553466796875
2000-02-15,28.681312561035156,27.687896728515625,27.929155349731445,28.326520919799805,18184500.0,12.024018287658691
2000-02-16,29.97275161743164,28.51101303100586,28.51101303100586,29.745685577392578,22269200.0,12.626420974731445
2000-02-17,29.178020477294922,28.07107162475586,29.178020477294922,29.06448745727539,23257500.0,12.33726978302002
2000-02-18,29.603769302368164,28.965145111083984,29.06448745727539,29.291553497314453,24678200.0,12.433653831481934
2000-02-22,29.34832000732422,28.397480010986328,29.291553497314453,29.06448745727539,16840400.0,12.33726978302002
2000-02-23,29.745685577392578,28.46843719482422,29.06448745727539,29.688919067382812,15263800.0,12.602326393127441
2000-02-24,29.617961883544922,28.837421417236328,29.617961883544922,29.405086517333984,16607000.0,12.481849670410156
2000-02-25,29.405086517333984,28.283946990966797,29.405086517333984,28.298137664794922,16840800.0,12.011969566345215
2000-02-28,29.34832000732422,27.801429748535156,28.298137664794922,29.26317024230957,21842500.0,12.421602249145508
2000-02-29,31.391916275024414,28.993528366088867,29.26317024230957,30.54041862487793,23754200.0,12.963774681091309
2000-03-01,31.278383255004883,30.01532745361328,30.54041862487793,30.341733932495117,16775200.0,12.879435539245605
2000-03-02,30.65395164489746,30.029518127441406,30.341733932495117,30.426883697509766,10815700.0,12.915581703186035
2000-03-03,31.76089859008789,30.441076278686523,30.441076278686523,31.477066040039062,19562500.0,13.361359596252441
2000-03-06,34.52827072143555,31.065507888793945,31.477066040039062,33.26521301269531,26832200.0,14.120390892028809
2000-03-07,34.31539535522461,32.24341583251953,33.26521301269531,32.470481872558594,26580700.0,13.783047676086426
2000-03-08,32.7401237487793,31.718324661254883,32.470481872558594,31.987964630126953,17671900.0,13.578227996826172
2000-03-09,34.925636291503906,32.101497650146484,32.101497650146484,34.485694885253906,20174700.0,14.638463020324707
2000-03-10,35.30881118774414,33.15167999267578,34.485694885253906,33.36455535888672,14528700.0,14.16256046295166
2000-03-13,33.91802978515625,32.186649322509766,33.36455535888672,33.26521301269531,14372000.0,14.120390892028809
2000-03-14,34.05994415283203,31.732515335083008,33.26521301269531,31.732515335083008,14464000.0,13.469794273376465
2000-03-15,31.987964630126953,29.476043701171875,31.732515335083008,29.97275161743164,23327100.0,12.722810745239258
2000-03-16,30.199817657470703,28.156221389770508,29.97275161743164,30.199817657470703,33787400.0,12.819196701049805
2000-03-17,32.498863220214844,30.199817657470703,30.199817657470703,31.56221580505371,30602900.0,13.397500038146973
2000-03-20,33.3361701965332,31.406108856201172,31.56221580505371,32.697547912597656,16248100.0,13.95014476776123
2000-03-21,32.626590728759766,31.519641876220703,32.626590728759766,32.215030670166016,16150300.0,13.744278907775879
2000-03-22,33.3361701965332,32.186649322509766,32.215030670166016,33.19425582885742,11737500.0,14.162069320678711
2000-03-23,33.9464111328125,32.38533020019531,33.19425582885742,33.43551254272461,11842700.0,14.264995574951172
2000-03-24,33.974796295166016,31.80347442626953,33.43551254272461,32.32856369018555,12897900.0,13.792724609375
2000-03-27,33.80449676513672,32.612396240234375,32.612396240234375,33.19425582885742,10163100.0,14.162069320678711
2000-03-28,33.3361701965332,31.789281845092773,33.19425582885742,31.945390701293945,11655100.0,13.629241943359375
2000-03-29,31.95958137512207,30.398500442504883,31.945390701293945,30.65395164489746,16902900.0,13.078266143798828
2000-03-30,30.65395164489746,29.5470027923584,30.65395164489746,29.688919067382812,14748900.0,12.666532516479492
2000-03-31,31.221616744995117,29.518619537353516,29.688919067382812,30.10047721862793,17148200.0,12.842127799987793
2000-04-03,30.994550704956055,29.57538604736328,30.10047721862793,30.10047721862793,15744700.0,12.842127799987793
2000-04-04,31.746707916259766,29.291553497314453,30.10047721862793,31.36353302001953,21477800.0,13.381001472473145
2000-04-05,33.64838790893555,31.108083724975586,31.36353302001953,32.24341583251953,23565300.0,13.75639533996582
2000-04-06,33.73353958129883,32.470481872558594,32.470481872558594,33.63419723510742,15488400.0,14.349766731262207
2000-04-07,35.42234420776367,33.29359817504883,33.63419723510742,35.42234420776367,14294900.0,15.112662315368652
2000-04-10,34.8262939453125,33.12329864501953,34.8262939453125,33.43551254272461,16972100.0,14.264995574951172
2000-04-11,34.045753479003906,31.987964630126953,33.43551254272461,33.10910415649414,14995600.0,14.125738143920898
2000-04-12,33.463897705078125,30.25658416748047,33.10910415649414,30.65395164489746,20567500.0,13.078266143798828
2000-04-13,31.477066040039062,29.887601852416992,30.65395164489746,29.958560943603516,20445100.0,12.78157901763916
2000-04-14,30.824251174926758,27.460830688476562,29.958560943603516,27.929155349731445,27521900.0,11.915752410888672
2000-04-17,30.3701171875,27.94334602355957,27.94334602355957,30.3701171875,24650900.0,12.957171440124512
2000-04-18,32.01634979248047,30.143051147460938,30.3701171875,31.57640838623047,23468900.0,13.471823692321777
2000-04-19,31.661558151245117,30.54041862487793,31.57640838623047,30.838441848754883,14871800.0,13.156973838806152
2000-04-20,31.77509117126465,30.710718154907227,30.838441848754883,31.675748825073242,13182900.0,13.514205932617188
2000-04-24,31.37772560119629,29.561193466186523,31.37772560119629,30.043710708618164,17935700.0,12.817909240722656
2000-04-25,31.789281845092773,30.341733932495117,30.341733932495117,31.633174896240234,17131500.0,13.496049880981445
2000-04-26,32.68335723876953,31.391916275024414,31.633174896240234,31.917007446289062,17755600.0,13.617138862609863
2000-04-27,31.817665100097656,30.72490882873535,31.817665100097656,31.306766510009766,16570400.0,13.356781959533691
2000-04-28,31.49125862121582,30.469459533691406,31.306766510009766,30.65395164489746,10895900.0,13.078266143798828
2000-05-01,32.144073486328125,30.086284637451172,30.65395164489746,31.56221580505371,16866800.0,13.46576976776123
2000-05-02,32.24341583251953,31.33514976501465,31.56221580505371,31.349342346191406,11178600.0,13.374946594238281
2000-05-03,30.966167449951172,29.291553497314453,30.966167449951172,30.086284637451172,15173900.0,12.836067199707031
2000-05-04,30.199817657470703,28.965145111083984,30.086284637451172,30.001134872436523,12746000.0,12.799747467041016
2000-05-05,31.519641876220703,29.688919067382812,30.001134872436523,31.05131721496582,10653200.0,13.247796058654785
2000-05-08,31.037124633789062,30.29916000366211,31.037124633789062,30.81005859375,7254200.0,13.144868850708008
2000-05-09,30.753292083740234,29.8166446685791,30.753292083740234,30.157243728637695,8786400.0,12.866350173950195
2000-05-10,29.958560943603516,27.82981300354004,29.958560943603516,28.6671199798584,16287300.0,12.230599403381348
2000-05-11,29.830835342407227,28.1136474609375,28.6671199798584,29.717302322387695,14253900.0,12.678650856018066
2000-05-12,31.44868278503418,29.77406883239746,29.77406883239746,29.873411178588867,13889700.0,12.745250701904297
2000-05-15,30.54041862487793,28.9367618560791,29.873411178588867,30.426883697509766,12473400.0,12.981391906738281
2000-05-16,32.1298828125,30.554609298706055,30.554609298706055,31.44868278503418,20051800.0,13.417325973510742
2000-05-17,30.767484664916992,29.121253967285156,30.767484664916992,29.53281021118164,24428100.0,12.59993839263916
2000-05-18,30.114667892456055,29.490236282348633,29.53281021118164,29.90179443359375,14629600.0,12.757368087768555
2000-05-19,29.915985107421875,28.31233024597168,29.90179443359375,28.652929306030273,14540600.0,12.224539756774902
2000-05-22,28.82322883605957,26.90735626220703,28.652929306030273,27.87238883972168,16303100.0,11.891529083251953
2000-05-23,28.369096755981445,27.247957229614258,27.87238883972168,27.404064178466797,11612900.0,11.691726684570312
2000-05-24,27.34729766845703,25.701066970825195,27.34729766845703,26.935739517211914,22957600.0,11.491917610168457
2000-05-25,27.687896728515625,26.112625122070312,26.935739517211914,26.39645767211914,16544500.0,11.261836051940918
2000-05-26,27.2337646484375,26.013282775878906,26.39645767211914,26.822206497192383,10145900.0,11.443476676940918
2000-05-30,28.326520919799805,27.16280746459961,27.16280746459961,28.26975440979004,10833300.0,12.061062812805176
2000-05-31,28.241371154785156,27.14861488342285,28.241371154785156,27.290531158447266,16092600.0,11.643285751342773
2000-06-01,30.639759063720703,28.241371154785156,28.241371154785156,30.483652114868164,31515900.0,13.005609512329102
2000-06-02,33.009765625,30.441076278686523,30.483652114868164,32.27179718017578,25540100.0,13.768505096435547
2000-06-05,28.156221389770508,25.95651626586914,25.99909210205078,27.31891441345215,24649100.0,14.930898666381836
2000-06-06,27.219573974609375,26.339691162109375,27.219573974609375,26.7938232421875,20684200.0,14.643905639648438
2000-06-07,28.26975440979004,26.566757202148438,26.7938232421875,27.82981300354004,23097200.0,15.210124969482422
2000-06-08,29.02191162109375,27.36149024963379,27.82981300354004,28.58197021484375,22756300.0,15.621204376220703
2000-06-09,29.617961883544922,28.922571182250977,28.922571182250977,29.06448745727539,18173500.0,15.884922981262207
2000-06-12,29.007720947265625,28.283946990966797,29.007720947265625,28.610353469848633,14369300.0,15.636714935302734
2000-06-13,27.375680923461914,26.566757202148438,27.375680923461914,27.020889282226562,38616400.0,14.768017768859863
2000-06-14,27.14861488342285,25.88555908203125,27.020889282226562,25.88555908203125,22098800.0,14.14751148223877
2000-06-15,27.2337646484375,25.99909210205078,25.99909210205078,26.566757202148438,18622700.0,14.519810676574707
2000-06-16,26.552566528320312,25.88555908203125,26.552566528320312,25.899749755859375,17329200.0,14.155268669128418
2000-06-19,27.134422302246094,25.942325592041016,25.942325592041016,26.751249313354492,12608200.0,14.711525917053223
2000-06-20,27.34729766845703,26.353883743286133,26.751249313354492,26.453224182128906,11324000.0,14.54763126373291
2000-06-21,27.2337646484375,26.141008377075195,26.453224182128906,27.134422302246094,11330100.0,14.922245979309082
2000-06-22,27.616939544677734,26.808015823364258,27.134422302246094,26.92154884338379,15732800.0,14.805185317993164
2000-06-23,27.247957229614258,26.495800018310547,26.92154884338379,26.59514045715332,10470500.0,14.625680923461914
2000-06-26,27.659513473510742,26.7938232421875,26.7938232421875,27.247957229614258,9429400.0,14.984688758850098
2000-06-27,27.75885581970215,26.48160743713379,27.247957229614258,26.48160743713379,12541200.0,14.56324577331543
2000-06-28,28.354904174804688,27.27634048461914,27.27634048461914,28.110082626342773,20053100.0,15.458802223205566
2000-06-29,28.142030715942383,27.020889282226562,28.110082626342773,27.191190719604492,20359600.0,14.953465461730957
2000-06-30,28.379722595214844,27.2337646484375,27.2337646484375,28.354904174804688,18785200.0,15.593436241149902
2000-07-03,28.369096755981445,27.957538604736328,28.354904174804688,28.212987899780273,4421100.0,15.515392303466797
2000-07-05,28.241371154785156,27.16280746459961,28.212987899780273,27.16280746459961,12214000.0,14.937856674194336
2000-07-06,27.645322799682617,26.24034881591797,27.16280746459961,26.87897300720215,19043700.0,14.781768798828125
2000-07-07,28.38328742980957,26.893165588378906,26.893165588378906,28.326520919799805,15927000.0,15.577831268310547
2000-07-10,28.340713500976562,27.702089309692383,28.326520919799805,28.085264205932617,9484000.0,15.445155143737793
2000-07-11,28.82322883605957,27.87238883972168,28.085264205932617,28.752269744873047,15282300.0,15.81196117401123
2000-07-12,29.57538604736328,28.610353469848633,28.752269744873047,29.14963722229004,16370500.0,16.03049087524414
2000-07-13,30.69652557373047,29.078678131103516,29.14963722229004,30.625568389892578,16505300.0,16.842166900634766
2000-07-14,30.92359161376953,30.199817657470703,30.625568389892578,30.384309768676758,14421300.0,16.709487915039062
2000-07-17,30.81005859375,29.97275161743164,30.384309768676758,30.60426902770996,10614500.0,16.830448150634766
2000-07-18,30.384309768676758,29.646345138549805,30.384309768676758,29.745685577392578,10189900.0,16.3582763671875
2000-07-19,30.05790138244629,29.405086517333984,29.745685577392578,29.476043701171875,10381100.0,16.20999526977539
2000-07-20,30.05790138244629,29.06448745727539,29.476043701171875,29.518619537353516,11059700.0,16.233402252197266
2000-07-21,29.41927719116211,27.36149024963379,29.41927719116211,28.156221389770508,33009300.0,15.484176635742188
2000-07-24,28.241371154785156,26.651906967163086,28.156221389770508,26.978315353393555,15259800.0,14.836400032043457
2000-07-25,27.134422302246094,26.070049285888672,26.978315353393555,26.19777488708496,25934700.0,14.407147407531738
2000-07-26,26.609333038330078,24.863759994506836,26.19777488708496,24.977293014526367,34297000.0,13.735963821411133
2000-07-27,24.9205265045166,23.671661376953125,24.9205265045166,24.069028854370117,21419700.0,13.236471176147461
2000-07-28,24.764419555664062,23.387828826904297,24.069028854370117,24.352861404418945,21519200.0,13.392562866210938
2000-07-31,25.431425094604492,24.01226234436035,24.352861404418945,24.80699348449707,22477100.0,13.64230728149414
2000-08-01,25.261125564575195,24.29609489440918,24.80699348449707,24.49477767944336,10494700.0,13.470609664916992
2000-08-02,26.112625122070312,24.352861404418945,24.49477767944336,25.544960021972656,22304400.0,14.04814624786377
2000-08-03,25.587533950805664,24.579927444458008,25.544960021972656,25.431425094604492,14197600.0,13.985710144042969
2000-08-04,26.055858612060547,24.778610229492188,25.431425094604492,25.374658584594727,8999100.0,13.954487800598145
2000-08-07,26.28292465209961,25.218551635742188,25.374658584594727,26.183582305908203,13330900.0,14.399343490600586
2000-08-08,26.509990692138672,25.701066970825195,26.183582305908203,26.297115325927734,11473700.0,14.46178150177002
2000-08-09,26.552566528320312,25.431425094604492,26.297115325927734,25.828792572021484,9843800.0,14.204231262207031
2000-08-10,26.055858612060547,25.459808349609375,25.828792572021484,25.488191604614258,7987000.0,14.016925811767578
2000-08-11,25.175975799560547,24.750226974487305,25.175975799560547,24.977293014526367,9932700.0,13.735963821411133
2000-08-14,25.99909210205078,24.963102340698242,24.977293014526367,25.99909210205078,10050800.0,14.297889709472656
2000-08-15,25.743642807006836,24.9205265045166,25.743642807006836,25.20435905456543,11884100.0,13.860836029052734
2000-08-16,25.55915069580078,24.579927444458008,25.20435905456543,25.346275329589844,19575300.0,13.938875198364258
2000-08-17,25.20435905456543,24.29609489440918,25.20435905456543,24.721843719482422,54595500.0,13.595479965209961
2000-08-18,25.658493041992188,24.6508846282959,24.721843719482422,25.431425094604492,32294900.0,13.985710144042969
2000-08-21,25.64430046081543,25.11920928955078,25.431425094604492,25.20435905456543,13628600.0,13.860836029052734
2000-08-22,25.99909210205078,25.275318145751953,25.275318145751953,25.672683715820312,15919100.0,14.118382453918457
2000-08-23,26.26873207092285,25.218551635742188,25.672683715820312,26.112625122070312,13862000.0,14.360321998596191
2000-08-24,27.219573974609375,26.169391632080078,26.169391632080078,27.219573974609375,13643100.0,14.96907901763916
2000-08-25,27.10603904724121,26.63771629333496,27.10603904724121,26.964122772216797,9833200.0,14.828591346740723
2000-08-28,27.574363708496094,26.651906967163086,26.964122772216797,27.247957229614258,13263500.0,14.984688758850098
2000-08-29,27.574363708496094,27.006698608398438,27.247957229614258,27.2337646484375,11533600.0,14.976877212524414
2000-08-30,27.389873504638672,26.70867347717285,27.2337646484375,26.7938232421875,8821200.0,14.734938621520996
2000-08-31,27.58855628967285,27.14861488342285,27.14861488342285,27.393415451049805,13566500.0,15.064671516418457
2000-09-01,28.70969581604004,27.531789779663086,27.531789779663086,28.38328742980957,14297100.0,15.609045028686523
2000-09-05,28.525203704833984,27.78723907470703,28.38328742980957,27.914962768554688,11143000.0,15.351491928100586
2000-09-06,28.042688369750977,27.134422302246094,27.914962768554688,27.247957229614258,10770400.0,14.984688758850098
2000-09-07,28.440053939819336,27.375680923461914,27.375680923461914,28.1136474609375,13502200.0,15.460762023925781
2000-09-08,28.241371154785156,27.47502326965332,28.1136474609375,27.47502326965332,10151200.0,15.1095609664917
2000-09-11,26.850589752197266,25.786216735839844,26.850589752197266,25.88555908203125,22422900.0,14.235447883605957
2000-09-12,25.55915069580078,24.523160934448242,25.55915069580078,25.20435905456543,26279100.0,13.860836029052734
2000-09-13,24.69346046447754,23.81357765197754,24.69346046447754,23.841960906982422,32698300.0,13.11159610748291
2000-09-14,24.579927444458008,23.870346069335938,23.870346069335938,24.579927444458008,20900900.0,13.517436981201172
2000-09-15,24.29609489440918,23.160762786865234,24.29609489440918,23.387828826904297,30532000.0,12.861856460571289
2000-09-18,23.98387908935547,23.075613021850586,23.387828826904297,23.387828826904297,20053600.0,12.950450897216797
2000-09-19,24.18256187438965,23.45878791809082,23.45878791809082,24.18256187438965,19725900.0,13.390510559082031
2000-09-20,24.069028854370117,22.777587890625,24.069028854370117,23.245912551879883,23730900.0,12.871868133544922
2000-09-21,23.57232093811035,21.3442325592041,23.245912551879883,21.571298599243164,19138000.0,11.944592475891113
2000-09-22,23.700044631958008,21.798364639282227,21.798364639282227,23.657470703125,36741200.0,13.099763870239258
2000-09-25,24.16836929321289,22.082197189331055,23.657470703125,22.451181411743164,19202700.0,12.431801795959473
2000-09-26,23.373638153076172,22.252498626708984,22.451181411743164,22.280881881713867,24451400.0,12.337506294250488
2000-09-27,23.61489486694336,22.280881881713867,22.280881881713867,23.501361846923828,35898300.0,13.01331901550293
2000-09-28,24.395435333251953,23.472978591918945,23.501361846923828,23.57232093811035,18409100.0,13.052603721618652
2000-09-29,23.387828826904297,21.727407455444336,23.387828826904297,22.02543067932129,38859100.0,12.196057319641113
2000-10-02,22.46537208557129,21.259082794189453,22.02543067932129,21.30165672302246,24037900.0,11.795286178588867
2000-10-03,22.195730209350586,21.11716651916504,21.30165672302246,21.23069953918457,21794900.0,11.755995750427246
2000-10-04,22.252498626708984,21.23069953918457,21.23069953918457,21.713214874267578,21861800.0,12.023174285888672
2000-10-05,21.11716651916504,19.584468841552734,21.11716651916504,20.03860092163086,43318100.0,11.095893859863281
2000-10-06,20.620458602905273,19.627042770385742,20.03860092163086,19.797344207763672,30792700.0,10.962306022644043
2000-10-09,21.060400009155273,20.0811767578125,20.0811767578125,20.648841857910156,17435800.0,11.433801651000977
2000-10-10,21.0745906829834,19.99602699279785,20.648841857910156,20.308242797851562,21821800.0,11.245205879211426
2000-10-11,20.27985954284668,19.04518699645996,20.27985954284668,19.428359985351562,27125500.0,10.757993698120117
2000-10-12,20.336626052856445,18.732969284057617,19.428359985351562,19.00261116027832,27442600.0,10.522237777709961
2000-10-13,20.776567459106445,19.272253036499023,19.272253036499023,20.577884674072266,27026400.0,11.39451789855957
2000-10-16,21.571298599243164,20.59207534790039,20.59207534790039,21.046207427978516,16581500.0,11.65383529663086
2000-10-17,21.486148834228516,20.066984176635742,21.046207427978516,20.54949951171875,18073500.0,11.378793716430664
2000-10-18,20.421775817871094,19.357402801513672,20.421775817871094,19.428359985351562,28692000.0,10.757993698120117
2000-10-19,20.890100479125977,19.541893005371094,19.541893005371094,20.648841857910156,30548300.0,11.433801651000977
2000-10-20,21.9544734954834,20.23728370666504,20.648841857910156,21.798364639282227,20611600.0,12.070321083068848
2000-10-23,22.66405487060547,21.599681854248047,21.798364639282227,22.337648391723633,15853000.0,12.368942260742188
2000-10-24,22.607288360595703,20.577884674072266,22.337648391723633,21.003633499145508,24555300.0,11.630255699157715
2000-10-25,20.91848373413086,19.52770233154297,20.91848373413086,19.71219253540039,22056500.0,10.915152549743652
2000-10-26,20.421775817871094,18.704586029052734,19.71219253540039,19.52770233154297,26483400.0,10.812996864318848
2000-10-27,21.3442325592041,19.797344207763672,19.797344207763672,19.797344207763672,30795400.0,10.962306022644043
2000-10-30,21.11716651916504,19.783151626586914,21.11716651916504,20.804950714111328,10974700.0,11.520247459411621
2000-10-31,21.684831619262695,20.43596649169922,20.804950714111328,21.11716651916504,15346600.0,11.69312572479248
2000-11-01,20.975250244140625,19.698001861572266,20.975250244140625,20.180517196655273,15051500.0,11.174480438232422
2000-11-02,21.259082794189453,20.208900451660156,20.208900451660156,20.4643497467041,14318000.0,11.331646919250488
2000-11-03,21.798364639282227,19.95345115661621,20.4643497467041,21.003633499145508,15977400.0,11.630255699157715
2000-11-06,21.3442325592041,20.54949951171875,21.003633499145508,20.861717224121094,8944700.0,11.551679611206055
2000-11-07,21.74159812927246,20.691417694091797,20.861717224121094,21.54291534423828,8908400.0,11.928871154785156
2000-11-08,21.656448364257812,20.691417694091797,21.54291534423828,20.748184204101562,10976500.0,11.488809585571289
2000-11-09,20.322433471679688,18.903268814086914,20.322433471679688,19.499319076538086,19944300.0,10.797283172607422
2000-11-10,18.64781951904297,17.143505096435547,18.64781951904297,17.7679386138916,25462300.0,9.838568687438965
2000-11-13,16.121707916259766,14.816076278686523,16.121707916259766,15.497275352478027,83359500.0,8.581245422363281
2000-11-14,17.001588821411133,15.667574882507324,15.667574882507324,16.802906036376953,34280900.0,9.304208755493164
2000-11-15,16.831289291381836,15.72434139251709,16.802906036376953,16.036558151245117,21887800.0,8.87985897064209
2000-11-16,16.206857681274414,15.695958137512207,16.036558151245117,15.92302417755127,19980000.0,8.81698989868164
2000-11-17,16.66098976135254,15.92302417755127,15.92302417755127,16.17847442626953,22086200.0,8.958442687988281
2000-11-20,16.46230697631836,15.582425117492676,16.17847442626953,15.695958137512207,17818800.0,8.69126033782959
2000-11-21,16.06494140625,15.383742332458496,15.695958137512207,15.412125587463379,13552400.0,8.534097671508789
2000-11-22,15.639191627502441,15.071525573730469,15.412125587463379,15.298592567443848,15133400.0,8.471230506896973
2000-11-24,16.348773956298828,15.951407432556152,15.951407432556152,16.15009117126465,10086400.0,8.942726135253906
2000-11-27,16.77452278137207,16.17847442626953,16.17847442626953,16.206857681274414,14310700.0,8.974162101745605
2000-11-28,16.206857681274414,15.610808372497559,16.206857681274414,15.752724647521973,12891100.0,8.722692489624023
2000-11-29,16.26362419128418,15.639191627502441,15.752724647521973,15.695958137512207,14657800.0,8.69126033782959
2000-11-30,15.298592567443848,13.851044654846191,15.298592567443848,14.361943244934082,37227200.0,7.952584266662598
2000-12-01,15.582425117492676,14.503860473632812,14.503860473632812,14.617393493652344,17157100.0,8.094030380249023
2000-12-04,15.241826057434082,14.589010238647461,14.617393493652344,14.98637580871582,13599100.0,8.298348426818848
2000-12-05,16.17847442626953,15.014759063720703,15.014759063720703,15.894640922546387,17057300.0,8.801274299621582
2000-12-06,15.355359077453613,14.13487720489502,15.355359077453613,14.532243728637695,32110400.0,8.046879768371582
2000-12-07,14.957992553710938,14.13487720489502,14.532243728637695,14.191643714904785,19228700.0,7.858283996582031
2000-12-08,15.554041862487793,14.645776748657227,14.645776748657227,15.18505859375,19244100.0,8.408363342285156
2000-12-11,15.695958137512207,14.702543258666992,15.18505859375,15.043142318725586,14168300.0,8.329779624938965
2000-12-12,16.036558151245117,14.957992553710938,15.043142318725586,16.008174896240234,14737700.0,8.864143371582031
2000-12-13,16.008174896240234,14.929609298706055,16.008174896240234,15.071525573730469,17668800.0,8.34549331665039
2000-12-14,15.52565860748291,14.844459533691406,15.071525573730469,15.213441848754883,15234500.0,8.424077987670898
2000-12-15,14.702543258666992,13.992960929870605,14.702543258666992,14.361943244934082,28713800.0,7.952584266662598
2000-12-18,14.589010238647461,14.021344184875488,14.361943244934082,14.13487720489502,12796200.0,7.870693206787109
2000-12-19,15.270209312438965,14.191643714904785,14.191643714904785,14.220026969909668,22611600.0,7.918107032775879
2000-12-20,14.13487720489502,13.368528366088867,14.13487720489502,13.822661399841309,27213400.0,7.696841716766357
2000-12-21,14.503860473632812,13.226612091064453,13.822661399841309,13.340145111083984,20758600.0,7.428162574768066
2000-12-22,14.67416000366211,13.680745124816895,13.680745124816895,14.617393493652344,16763300.0,8.13936996459961
2000-12-26,14.759309768676758,13.964577674865723,14.617393493652344,14.418710708618164,13988600.0,8.028739929199219
2000-12-27,14.957992553710938,14.3335599899292,14.418710708618164,14.730926513671875,12023800.0,8.202587127685547
2000-12-28,14.901226043701172,14.560626983642578,14.730926513671875,14.730926513671875,9693600.0,8.202587127685547
2000-12-29,14.872842788696289,14.163260459899902,14.730926513671875,14.3335599899292,10829400.0,7.981324672698975
2001-01-02,14.929609298706055,13.510444641113281,14.3335599899292,13.73751163482666,15019800.0,7.649428367614746
2001-01-03,15.781107902526855,13.652361869812012,13.73751163482666,15.468892097473145,31391900.0,8.613509178161621
2001-01-04,16.547456741333008,15.554041862487793,15.554041862487793,15.72434139251709,21579100.0,8.755751609802246
2001-01-05,15.837874412536621,13.907811164855957,15.72434139251709,13.907811164855957,21077700.0,7.744256019592285
2001-01-08,14.390326499938965,13.879427909851074,13.907811164855957,14.24841022491455,14371100.0,7.93391227722168
2001-01-09,14.759309768676758,14.13487720489502,14.24841022491455,14.3335599899292,13921000.0,7.981324672698975
2001-01-10,14.532243728637695,13.851044654846191,14.3335599899292,14.418710708618164,23808000.0,8.028739929199219
2001-01-11,14.957992553710938,14.220026969909668,14.418710708618164,14.702543258666992,37069300.0,8.186783790588379
2001-01-12,14.418710708618164,13.595595359802246,14.418710708618164,13.93619441986084,47123600.0,7.7600579261779785
2001-01-16,14.021344184875488,13.595595359802246,13.93619441986084,13.794278144836426,23767200.0,7.681036472320557
2001-01-17,14.617393493652344,14.106493949890137,14.106493949890137,14.361943244934082,21899500.0,7.997129917144775
2001-01-18,15.894640922546387,14.645776748657227,14.645776748657227,15.752724647521973,25856500.0,8.771553039550781
2001-01-19,16.547456741333008,15.809491157531738,15.809491157531738,16.235240936279297,28663200.0,9.040234565734863
2001-01-22,16.17847442626953,15.32697582244873,16.17847442626953,15.667574882507324,13150100.0,8.724142074584961
2001-01-23,15.72434139251709,14.901226043701172,15.667574882507324,15.582425117492676,13559000.0,8.676728248596191
2001-01-24,16.06494140625,15.72434139251709,15.72434139251709,15.894640922546387,14271300.0,8.850576400756836
2001-01-25,16.036558151245117,15.497275352478027,15.894640922546387,15.639191627502441,13563600.0,8.70833683013916
2001-01-26,15.752724647521973,15.014759063720703,15.639191627502441,15.639191627502441,11741700.0,8.70833683013916
2001-01-29,17.13896369934082,15.263397216796875,15.567666053771973,17.043596267700195,17416400.0,9.490347862243652
2001-01-30,17.216167449951172,16.57583999633789,17.043596267700195,17.16621208190918,16588700.0,9.55862045288086
2001-01-31,17.234333038330078,16.516803741455078,17.16621208190918,16.734786987304688,11318200.0,9.31839656829834
2001-02-01,16.7938232421875,16.239782333374023,16.734786987304688,16.739328384399414,9290000.0,9.3209228515625
2001-02-02,16.911897659301758,16.235240936279297,16.739328384399414,16.235240936279297,10117000.0,9.040234565734863
2001-02-05,16.212533950805664,15.617620468139648,16.212533950805664,16.030881881713867,9971900.0,8.926441192626953
2001-02-06,16.984560012817383,16.008174896240234,16.030881881713867,16.712080001831055,11696500.0,9.305749893188477
2001-02-07,16.707538604736328,16.158039093017578,16.707538604736328,16.348773956298828,10703900.0,9.1034517288208
2001-02-08,16.394187927246094,15.758401870727539,16.348773956298828,15.821980476379395,12714700.0,8.8101167678833
2001-02-09,15.812897682189941,14.936421394348145,15.812897682189941,15.213441848754883,13497500.0,8.471266746520996
2001-02-12,15.322434425354004,14.600363731384277,15.213441848754883,14.804722785949707,13683000.0,8.24367904663086
2001-02-13,15.53133487701416,15.009082794189453,15.009082794189453,15.077202796936035,14829100.0,8.395407676696777
2001-02-14,15.667574882507324,14.804722785949707,15.077202796936035,15.617620468139648,14340300.0,8.696324348449707
2001-02-15,16.802906036376953,15.576748847961426,15.617620468139648,16.507720947265625,22183800.0,9.191956520080566
2001-02-16,15.213441848754883,14.214350700378418,15.213441848754883,15.04541301727295,27078800.0,8.377702713012695
2001-02-20,14.791098594665527,13.623978614807129,14.791098594665527,13.851044654846191,24648900.0,7.712646007537842
2001-02-21,14.527702331542969,13.623978614807129,13.851044654846191,13.628519058227539,18650900.0,7.588737964630127
2001-02-22,14.032697677612305,13.39691162109375,13.628519058227539,13.519527435302734,23121000.0,7.52804708480835
2001-02-23,13.73751163482666,12.920072555541992,13.519527435302734,13.623978614807129,19671100.0,7.586205959320068
2001-02-26,13.973660469055176,13.356040000915527,13.623978614807129,13.623978614807129,18804400.0,7.586205959320068
2001-02-27,13.601271629333496,12.920072555541992,13.601271629333496,12.988192558288574,19341200.0,7.232187271118164
2001-02-28,13.346957206726074,12.7247953414917,12.988192558288574,13.101725578308105,20906600.0,7.295404434204102
2001-03-01,13.39691162109375,12.534059524536133,13.101725578308105,13.169845581054688,21340900.0,7.333337306976318
2001-03-02,13.964577674865723,12.806539535522461,13.169845581054688,13.405994415283203,18972600.0,7.464827537536621
2001-03-05,14.032697677612305,13.442325592041016,13.442325592041016,13.796548843383789,9220200.0,7.682300090789795
2001-03-06,14.98637580871582,14.218892097473145,14.218892097473145,14.600363731384277,15361100.0,8.129884719848633
2001-03-07,14.936421394348145,14.536785125732422,14.600363731384277,14.691189765930176,13167000.0,8.180464744567871
2001-03-08,14.713896751403809,14.123523712158203,14.691189765930176,14.382379531860352,11375000.0,8.00850772857666
2001-03-09,14.382379531860352,13.574023246765137,14.382379531860352,13.73751163482666,13474600.0,7.649428367614746
2001-03-12,14.600363731384277,13.519527435302734,13.73751163482666,13.56948184967041,16457900.0,7.5558648109436035
2001-03-13,14.396003723144531,13.714804649353027,13.714804649353027,14.350590705871582,13792200.0,7.990806579589844
2001-03-14,14.645776748657227,13.742053031921387,14.350590705871582,14.055403709411621,16175800.0,7.82643461227417
2001-03-15,14.414169311523438,13.914623260498047,14.055403709411621,13.94187068939209,11326200.0,7.763218879699707
2001-03-16,14.078110694885254,12.761126518249512,13.94187068939209,12.761126518249512,31010700.0,7.105749130249023
2001-03-19,13.946412086486816,12.806539535522461,12.806539535522461,13.851044654846191,15079200.0,7.7613019943237305
2001-03-20,14.305176734924316,13.306085586547852,13.851044654846191,13.310626983642578,12945500.0,7.458484649658203
2001-03-21,13.810173034667969,12.715712547302246,13.310626983642578,13.274295806884766,12857900.0,7.4381256103515625
2001-03-22,14.191643714904785,13.283378601074219,13.283378601074219,14.028156280517578,17164300.0,7.860544204711914
2001-03-23,14.523160934448242,13.855586051940918,14.028156280517578,14.155313491821289,15351000.0,7.931795597076416
2001-03-26,14.577656745910645,14.191643714904785,14.191643714904785,14.373296737670898,10621500.0,8.053937911987305
2001-03-27,14.845595359802246,14.305176734924316,14.373296737670898,14.659400939941406,13391400.0,8.214253425598145
2001-03-28,14.450499534606934,13.555858612060547,14.450499534606934,13.76930046081543,14523500.0,7.7154974937438965
2001-03-29,14.405086517333984,13.401453018188477,13.76930046081543,13.914623260498047,8847100.0,7.796929359436035
2001-03-30,14.359673500061035,13.664850234985352,13.914623260498047,14.200726509094238,9624700.0,7.957240104675293
2001-04-02,14.273387908935547,12.874659538269043,14.200726509094238,13.133515357971191,15219500.0,7.3592400550842285
2001-04-03,12.965485572814941,12.216167449951172,12.965485572814941,12.447774887084961,21428900.0,6.974994659423828
2001-04-04,12.715712547302246,11.889191627502441,12.447774887084961,12.465940475463867,17043000.0,6.985172748565674
2001-04-05,14.14168930053711,13.169845581054688,13.169845581054688,13.973660469055176,14525000.0,7.830009460449219
2001-04-06,13.614895820617676,12.947320938110352,13.614895820617676,13.056312561035156,17064100.0,7.315981388092041
2001-04-09,13.760217666625977,12.888283729553223,13.056312561035156,12.942779541015625,13744400.0,7.252362251281738
2001-04-10,13.73751163482666,13.133515357971191,13.133515357971191,13.546775817871094,20559800.0,7.590806007385254
2001-04-11,14.282470703125,13.405994415283203,13.546775817871094,13.73751163482666,16054100.0,7.697686195373535
2001-04-12,13.94187068939209,13.465031623840332,13.73751163482666,13.905540466308594,11067200.0,7.791840553283691
2001-04-16,13.796548843383789,13.401453018188477,13.796548843383789,13.619437217712402,9565200.0,7.631525993347168
2001-04-17,13.828337669372559,12.688465118408203,13.619437217712402,13.283378601074219,16886400.0,7.443216800689697
2001-04-18,15.440508842468262,13.56494140625,13.56494140625,14.48682975769043,33264900.0,8.117558479309082
2001-04-19,14.850135803222656,13.623978614807129,14.48682975769043,14.759309768676758,30061700.0,8.270240783691406
2001-04-20,14.804722785949707,14.091734886169434,14.759309768676758,14.396003723144531,17860400.0,8.06666374206543
2001-04-23,14.087193489074707,13.742053031921387,14.087193489074707,14.059945106506348,11272000.0,7.878357887268066
2001-04-24,14.191643714904785,13.169845581054688,14.059945106506348,13.360581398010254,14941200.0,7.486475467681885
2001-04-25,13.501362800598145,12.970026969909668,13.360581398010254,13.260672569274902,14562200.0,7.430495738983154
2001-04-26,13.3514986038208,12.69300651550293,13.260672569274902,12.69300651550293,17040800.0,7.1124067306518555
2001-04-27,13.056312561035156,12.752043724060059,12.752043724060059,12.89282512664795,11383000.0,7.224370956420898
2001-04-30,13.324250221252441,12.765667915344238,12.89282512664795,12.910989761352539,13099900.0,7.234553337097168
2001-05-01,12.988192558288574,12.579473495483398,12.910989761352539,12.920072555541992,15534200.0,7.239639759063721
2001-05-02,13.283378601074219,12.83378791809082,12.920072555541992,13.010899543762207,16862600.0,7.290534019470215
2001-05-03,12.870118141174316,12.429609298706055,12.870118141174316,12.52043628692627,18706400.0,7.015708923339844
2001-05-04,12.64759349822998,12.261580467224121,12.52043628692627,12.597638130187988,15239100.0,7.058969020843506
2001-05-07,12.942779541015625,12.379654884338379,12.597638130187988,12.565849304199219,12885000.0,7.041154384613037
2001-05-08,12.738419532775879,12.202543258666992,12.565849304199219,12.411443710327148,13945900.0,6.954636573791504
2001-05-09,12.415985107421875,12.084468841552734,12.411443710327148,12.261580467224121,14751100.0,6.870662689208984
2001-05-10,12.574932098388672,12.057220458984375,12.261580467224121,12.070844650268555,11462200.0,6.763786315917969
2001-05-11,12.261580467224121,11.76203441619873,12.070844650268555,11.893733024597168,12187400.0,6.664542198181152
2001-05-14,11.839237213134766,11.353315353393555,11.839237213134766,11.76203441619873,14552500.0,6.590743541717529
2001-05-15,11.76203441619873,11.398728370666504,11.76203441619873,11.534968376159668,15644900.0,6.4635090827941895
2001-05-16,12.606720924377441,11.407811164855957,11.534968376159668,12.143506050109863,19811300.0,6.80449914932251
2001-05-17,14.078110694885254,12.643052101135254,12.643052101135254,14.032697677612305,66693700.0,7.863089084625244
2001-05-18,13.669391632080078,13.0835599899292,13.669391632080078,13.555858612060547,23008400.0,7.59589958190918
2001-05-21,14.055403709411621,13.215258598327637,13.555858612060547,13.964577674865723,17634200.0,7.824917316436768
2001-05-22,14.246139526367188,13.760217666625977,13.964577674865723,13.987284660339355,15779500.0,7.837644577026367
2001-05-23,14.073569297790527,13.39691162109375,13.987284660339355,13.433242797851562,14333000.0,7.527191162109375
2001-05-24,13.760217666625977,13.374205589294434,13.433242797851562,13.664850234985352,9172800.0,7.656972408294678
2001-05-25,13.714804649353027,13.578564643859863,13.664850234985352,13.646684646606445,9173300.0,7.646791458129883
2001-05-29,13.828337669372559,13.401453018188477,13.646684646606445,13.719346046447754,13879400.0,7.687504291534424
2001-05-30,13.42416000366211,13.088101387023926,13.42416000366211,13.092642784118652,14872900.0,7.336340427398682
2001-05-31,13.623978614807129,13.056312561035156,13.092642784118652,13.315168380737305,10260200.0,7.461030006408691
2001-06-01,13.533151626586914,13.215258598327637,13.315168380737305,13.283378601074219,8977100.0,7.443216800689697
2001-06-04,13.614895820617676,13.174386978149414,13.283378601074219,13.442325592041016,9147900.0,7.532280921936035
2001-06-05,13.746594429016113,13.22434139251709,13.442325592041016,13.646684646606445,15151300.0,7.646791458129883
2001-06-06,13.732970237731934,12.942779541015625,13.646684646606445,13.03814697265625,20695400.0,7.305802822113037
2001-06-07,13.442325592041016,12.85195255279541,13.03814697265625,13.283378601074219,14619900.0,7.443216800689697
2001-06-08,13.147138595581055,12.806539535522461,13.147138595581055,12.960944175720215,8895800.0,7.262540817260742
2001-06-11,12.761126518249512,12.3660306930542,12.761126518249512,12.624886512756348,13779600.0,7.0742340087890625
2001-06-12,13.092642784118652,12.2752046585083,12.624886512756348,12.85195255279541,9599800.0,7.201468467712402
2001-06-13,12.988192558288574,12.556766510009766,12.85195255279541,12.670299530029297,7955800.0,7.099684238433838
2001-06-14,12.370572090148926,12.084468841552734,12.370572090148926,12.170753479003906,21382500.0,6.819766998291016
2001-06-15,12.742960929870605,12.229790687561035,12.229790687561035,12.261580467224121,21829900.0,6.870662689208984
2001-06-18,12.329700469970703,12.12079906463623,12.261580467224121,12.129881858825684,10137700.0,6.841502666473389
2001-06-19,12.325159072875977,11.62125301361084,12.129881858825684,11.80744743347168,12766000.0,6.659642696380615
2001-06-20,12.311534881591797,11.548592567443848,11.80744743347168,12.229790687561035,12257800.0,6.897852897644043
2001-06-21,12.497729301452637,11.839237213134766,12.229790687561035,12.10263442993164,10921900.0,6.826134204864502
2001-06-22,12.170753479003906,11.830154418945312,12.10263442993164,11.97547721862793,9543200.0,6.754413604736328
2001-06-25,12.247956275939941,11.857402801513672,11.97547721862793,12.198001861572266,6746200.0,6.879921913146973
2001-06-26,12.252497673034668,11.898274421691895,12.198001861572266,12.039055824279785,9747800.0,6.7902727127075195
2001-06-27,12.35240650177002,11.875567436218262,12.039055824279785,12.011807441711426,9144400.0,6.774904727935791
2001-06-28,12.488646507263184,12.034514427185059,12.034514427185059,12.375113487243652,11919400.0,6.979817867279053
2001-06-29,13.056312561035156,12.207084655761719,12.261580467224121,12.988192558288574,15936500.0,7.325610637664795
2001-07-02,13.242506980895996,12.761126518249512,12.988192558288574,13.033605575561523,12202800.0,7.351219177246094
2001-07-03,13.142597198486328,12.779291152954102,13.033605575561523,12.89736557006836,3709400.0,7.274379253387451
2001-07-05,12.920072555541992,12.488646507263184,12.89736557006836,12.547683715820312,12824000.0,7.077151775360107
2001-07-06,12.29336929321289,11.80744743347168,12.29336929321289,12.002724647521973,10597300.0,6.769785404205322
2001-07-09,12.302452087402344,11.825613021850586,12.002724647521973,12.125340461730957,7647500.0,6.8389410972595215
2001-07-10,12.261580467224121,11.444141387939453,12.125340461730957,11.557674407958984,16039500.0,6.518765449523926
2001-07-11,11.793824195861816,11.357856750488281,11.557674407958984,11.712080001831055,9009900.0,6.605849742889404
2001-07-12,12.402361869812012,11.60308837890625,11.712080001831055,12.270663261413574,9847100.0,6.920905590057373
2001-07-13,12.761126518249512,12.216167449951172,12.270663261413574,12.70663070678711,9380000.0,7.1668009757995605
2001-07-16,12.624886512756348,11.94822883605957,12.624886512756348,11.989100456237793,14626700.0,6.762095928192139
2001-07-17,12.125340461730957,11.875567436218262,11.989100456237793,11.989100456237793,11186100.0,6.762095928192139
2001-07-18,12.12079906463623,11.698455810546875,11.989100456237793,11.9164400100708,13215000.0,6.721116065979004
2001-07-19,12.16167163848877,11.852861404418945,11.9164400100708,12.039055824279785,13288800.0,6.7902727127075195
2001-07-20,12.247956275939941,11.725704193115234,12.039055824279785,11.998183250427246,16879200.0,6.767221450805664
2001-07-23,12.034514427185059,11.421435356140137,11.998183250427246,11.898274421691895,15434400.0,6.710871696472168
2001-07-24,11.889191627502441,11.630335807800293,11.889191627502441,11.693914413452148,8427900.0,6.595609188079834
2001-07-25,12.034514427185059,11.580381393432617,11.693914413452148,11.662125587463379,14700100.0,6.5776777267456055
2001-07-26,11.348773956298828,10.649409294128418,11.348773956298828,10.899182319641113,36439700.0,6.1473612785339355
2001-07-27,11.21707534790039,10.740236282348633,10.899182319641113,11.062670707702637,12992400.0,6.2395734786987305
2001-07-30,11.117166519165039,10.808356285095215,10.967302322387695,10.994550704956055,12269300.0,6.201152324676514
2001-07-31,11.444141387939453,10.899182319641113,10.994550704956055,11.198909759521484,15549200.0,6.316413879394531
2001-08-01,11.716621398925781,11.271571159362793,11.353315353393555,11.584922790527344,12344600.0,6.534132480621338
2001-08-02,12.0072660446167,11.702997207641602,11.852861404418945,11.766575813293457,13036200.0,6.636593341827393
2001-08-03,11.784741401672363,11.398728370666504,11.784741401672363,11.485013961791992,10138600.0,6.477782726287842
2001-08-06,11.562215805053711,11.307902336120605,11.534968376159668,11.457765579223633,7374200.0,6.462414741516113
2001-08-07,11.534968376159668,11.239782333374023,11.485013961791992,11.407811164855957,6957800.0,6.434238433837891
2001-08-08,11.557674407958984,11.194368362426758,11.407811164855957,11.239782333374023,11881100.0,6.339467525482178
2001-08-09,11.357856750488281,11.148955345153809,11.239782333374023,11.21707534790039,7892400.0,6.326662063598633
2001-08-10,11.398728370666504,11.126249313354492,11.330608367919922,11.398728370666504,8043000.0,6.429116725921631
2001-08-13,11.512261390686035,11.24432373046875,11.330608367919922,11.294278144836426,6506600.0,6.370203971862793
2001-08-14,11.521344184875488,11.239782333374023,11.421435356140137,11.2897367477417,6144200.0,6.367643356323242
2001-08-15,11.353315353393555,10.90372371673584,11.285195350646973,10.944596290588379,12000400.0,6.172977924346924
2001-08-16,10.958219528198242,10.481380462646484,10.785649299621582,10.958219528198242,16398900.0,6.180659294128418
2001-08-17,11.180745124816895,10.67211627960205,10.958219528198242,10.921889305114746,19598600.0,6.1601691246032715
2001-08-20,11.285195350646973,10.944596290588379,11.035422325134277,11.235240936279297,10355100.0,6.336905002593994
2001-08-21,11.525885581970215,11.05812931060791,11.21707534790039,11.21707534790039,11727100.0,6.326662063598633
2001-08-22,11.212533950805664,10.894640922546387,11.039963722229004,11.126249313354492,10719700.0,6.275430679321289
2001-08-23,11.189826965332031,10.85831069946289,11.126249313354492,10.90372371673584,8149600.0,6.149922847747803
2001-08-24,11.503178596496582,10.926430702209473,10.990009307861328,11.412352561950684,8515100.0,6.436800479888916
2001-08-27,11.521344184875488,11.27611255645752,11.512261390686035,11.362398147583008,5959000.0,6.408626556396484
2001-08-28,11.398728370666504,11.035422325134277,11.376021385192871,11.176203727722168,5703100.0,6.30360746383667
2001-08-29,11.294278144836426,10.853769302368164,11.080835342407227,10.876476287841797,6631500.0,6.134555339813232
2001-08-30,10.971843719482422,10.454133033752441,10.717529296875,10.626703262329102,12051500.0,5.993677616119385
2001-08-31,10.67211627960205,10.449591636657715,10.51317024230957,10.540417671203613,11368700.0,5.945011615753174
2001-09-04,9.650318145751953,8.514986038208008,9.604904174804688,8.628519058227539,81821400.0,4.866662502288818
2001-09-05,8.628519058227539,7.720254421234131,8.56948184967041,8.269754409790039,87668000.0,4.664309978485107
2001-09-06,8.319709777832031,7.8110809326171875,8.174386978149414,8.03814697265625,41121600.0,4.533679008483887
2001-09-07,8.21071720123291,7.910990238189697,7.924613952636719,8.21071720123291,38447800.0,4.631012439727783
2001-09-10,8.256131172180176,7.95186185836792,8.174386978149414,8.124432563781738,29674800.0,4.5823469161987305
2001-09-17,7.602180004119873,7.039055347442627,7.288828372955322,7.275204181671143,40058500.0,4.144171237945557
2001-09-18,7.584014415740967,7.22070837020874,7.584014415740967,7.356948375701904,31156000.0,4.190735340118408
2001-09-19,7.361489772796631,6.77565860748291,7.356948375701904,6.993642330169678,40221500.0,3.9837844371795654
2001-09-20,6.94822883605957,6.525885581970215,6.766575813293457,6.584922790527344,26517100.0,3.750967264175415
2001-09-21,7.039055347442627,5.676657676696777,6.017257213592529,6.793823719024658,44550600.0,3.8699629306793213
2001-09-24,7.311534881591797,7.039055347442627,7.161671161651611,7.311534881591797,38171400.0,4.164864540100098
2001-09-25,7.356948375701904,7.152588367462158,7.22070837020874,7.270663261413574,28391900.0,4.141584396362305
2001-09-26,7.456857204437256,7.129881858825684,7.379654884338379,7.266121864318848,28939100.0,4.13899564743042
2001-09-27,7.375113487243652,7.052679538726807,7.311534881591797,7.356948375701904,24770500.0,4.190735340118408
2001-09-28,7.3841962814331055,7.157129764556885,7.356948375701904,7.288828372955322,19373100.0,4.151932239532471
2001-10-01,7.347865581512451,6.8119893074035645,7.22070837020874,7.084468841552734,17661300.0,4.035523891448975
2001-10-02,7.089009761810303,6.793823719024658,6.94822883605957,6.925522327423096,30553800.0,3.944981813430786
2001-10-03,7.338782787322998,6.743869304656982,6.8119893074035645,7.266121864318848,30555800.0,4.13899564743042
2001-10-04,7.59309720993042,7.175295352935791,7.270663261413574,7.266121864318848,32796300.0,4.13899564743042
2001-10-05,7.4704813957214355,7.084468841552734,7.084468841552734,7.4704813957214355,24400300.0,4.255405902862549
2001-10-08,7.8292460441589355,7.266121864318848,7.4023613929748535,7.697547912597656,18363300.0,4.384749412536621
2001-10-09,7.715713024139404,7.5295186042785645,7.697547912597656,7.59309720993042,20021600.0,4.325253009796143
2001-10-10,7.833787441253662,7.538601398468018,7.59309720993042,7.720254421234131,20751200.0,4.3976850509643555
2001-10-11,8.219799995422363,7.901907444000244,7.924613952636719,8.219799995422363,26837500.0,4.682240962982178
2001-10-12,8.37874698638916,8.060853958129883,8.128973960876465,8.333333015441895,33927900.0,4.746912002563477
2001-10-15,8.328791618347168,8.174386978149414,8.265213012695312,8.228882789611816,14904600.0,4.687415599822998
2001-10-16,8.492280006408691,8.21071720123291,8.37874698638916,8.401453018188477,14667300.0,4.785716533660889
2001-10-17,8.514986038208008,8.156221389770508,8.492280006408691,8.17892837524414,17647200.0,4.658960342407227
2001-10-18,8.115349769592285,7.947320461273193,8.03814697265625,7.992733955383301,26091400.0,4.55289888381958
2001-10-19,8.333333015441895,7.906448841094971,8.056312561035156,8.306085586547852,17683800.0,4.731391906738281
2001-10-22,8.328791618347168,8.151679992675781,8.174386978149414,8.310626983642578,15794500.0,4.7339768409729
2001-10-23,8.492280006408691,8.0835599899292,8.310626983642578,8.138056755065918,23006000.0,4.635677337646484
2001-10-24,8.23796558380127,7.95186185836792,8.128973960876465,8.183469772338867,19006300.0,4.6615447998046875
2001-10-25,8.287919998168945,7.938238143920898,8.0835599899292,8.23796558380127,19787100.0,4.692588806152344
2001-10-26,8.21071720123291,8.03814697265625,8.106266975402832,8.106266975402832,16208200.0,4.617569446563721
2001-10-29,8.101725578308105,7.883741855621338,8.060853958129883,7.901907444000244,16479700.0,4.501160621643066
2001-10-30,7.833787441253662,7.638510227203369,7.833787441253662,7.706630229949951,17403200.0,4.389923572540283
2001-10-31,7.988192558288574,7.588555812835693,7.76566743850708,7.643051624298096,14510900.0,4.353707790374756
2001-11-01,7.920072555541992,7.5476837158203125,7.643051624298096,7.856493949890137,12987300.0,4.4752912521362305
2001-11-02,7.720254421234131,7.584014415740967,7.629427909851074,7.683923721313477,20782200.0,4.376988887786865
2001-11-05,7.8110809326171875,7.606720924377441,7.652134418487549,7.670299530029297,19358000.0,4.369230270385742
2001-11-06,9.100817680358887,7.656675815582275,7.674840927124023,8.996366500854492,76407100.0,5.124598026275635
2001-11-07,9.08265209197998,8.633060455322266,9.08265209197998,8.7102632522583,46766200.0,4.961623668670654
2001-11-08,8.673933029174805,8.315168380737305,8.651226043701172,8.333333015441895,29895200.0,4.746912002563477
2001-11-09,8.760217666625977,8.310626983642578,8.333333015441895,8.623978614807129,17414200.0,4.912473678588867
2001-11-12,8.810173034667969,8.37874698638916,8.58310604095459,8.764759063720703,15142700.0,4.992664813995361
2001-11-13,9.264305114746094,8.841961860656738,8.855586051940918,9.187102317810059,26371500.0,5.233242988586426
2001-11-14,10.599454879760742,9.736602783203125,10.376930236816406,10.02724838256836,55178100.0,5.711818695068359
2001-11-15,10.15894603729248,9.741144180297852,9.913714408874512,10.03178882598877,29665100.0,5.714404106140137
2001-11-16,9.995458602905273,9.700272560119629,9.981834411621094,9.763851165771484,22384200.0,5.5617780685424805
2001-11-19,9.922797203063965,9.67302417755127,9.763851165771484,9.786558151245117,15101000.0,5.574711322784424
2001-11-20,9.763851165771484,9.46866512298584,9.763851165771484,9.514078140258789,14960300.0,5.419502258300781
2001-11-21,9.450499534606934,9.150772094726562,9.309718132019043,9.318800926208496,12220800.0,5.30826473236084
2001-11-23,9.61398696899414,9.373296737670898,9.377838134765625,9.509536743164062,5602500.0,5.4169135093688965
2001-11-26,9.67302417755127,9.495912551879883,9.509536743164062,9.59582233428955,16394300.0,5.466063022613525
2001-11-27,9.67302417755127,9.08265209197998,9.67302417755127,9.218892097473145,20909000.0,5.2513532638549805
2001-11-28,9.46866512298584,9.137147903442383,9.218892097473145,9.159854888916016,13260400.0,5.217723846435547
2001-11-29,9.786558151245117,9.191643714904785,9.218892097473145,9.718438148498535,17835500.0,5.535910129547119
2001-11-30,10.036330223083496,9.668482780456543,9.718438148498535,9.98637580871582,24647200.0,5.688534259796143
2001-12-03,9.98637580871582,9.759309768676758,9.945504188537598,9.759309768676758,21667200.0,5.559192180633545
2001-12-04,10.254314422607422,9.80018138885498,9.809264183044434,10.21798324584961,19485000.0,5.820466041564941
2001-12-05,10.603996276855469,10.222524642944336,10.263397216796875,10.590372085571289,25779200.0,6.032589435577393
2001-12-06,10.712987899780273,10.445050239562988,10.445050239562988,10.594913482666016,18828600.0,6.035174369812012
2001-12-07,10.717529296875,10.399636268615723,10.599454879760742,10.681199073791504,16600800.0,6.08432674407959
2001-12-10,10.91734790802002,10.286103248596191,10.399636268615723,10.445050239562988,33503200.0,5.949810981750488
2001-12-11,10.440508842468262,9.927338600158691,10.422343254089355,9.98637580871582,24879700.0,5.688534259796143
2001-12-12,10.01362419128418,9.650318145751953,9.931879997253418,9.904632568359375,24629800.0,5.641972064971924
2001-12-13,9.768392562866211,9.46866512298584,9.718438148498535,9.568573951721191,20325500.0,5.450542449951172
2001-12-14,9.536785125732422,9.309718132019043,9.4277925491333,9.536785125732422,18402300.0,5.432434558868408
2001-12-17,9.650318145751953,9.309718132019043,9.536785125732422,9.4277925491333,15509500.0,5.415780067443848
2001-12-18,9.46866512298584,9.155313491821289,9.4277925491333,9.309718132019043,21394400.0,5.347951412200928
2001-12-19,9.409627914428711,9.123523712158203,9.26884651184082,9.400545120239258,16280700.0,5.4001264572143555
2001-12-20,9.400545120239258,9.155313491821289,9.273387908935547,9.400545120239258,18986900.0,5.4001264572143555
2001-12-21,9.67302417755127,9.31425952911377,9.355132102966309,9.536785125732422,22470500.0,5.478390693664551
2001-12-24,9.554949760437012,9.405086517333984,9.532243728637695,9.432333946228027,6201200.0,5.418387413024902
2001-12-26,9.554949760437012,9.332425117492676,9.368755340576172,9.491371154785156,10338600.0,5.452303886413574
2001-12-27,9.527702331542969,9.377838134765625,9.491371154785156,9.445958137512207,9335300.0,5.426214694976807
2001-12-28,9.514078140258789,9.31425952911377,9.364213943481445,9.45504093170166,11874000.0,5.431432723999023
2001-12-31,9.536785125732422,9.287012100219727,9.287012100219727,9.32788372039795,12263500.0,5.358386516571045
2002-01-02,9.872842788696289,9.309718132019043,9.355132102966309,9.831971168518066,13584300.0,5.6479597091674805
2002-01-03,10.431426048278809,9.763851165771484,9.763851165771484,10.426884651184082,23408100.0,5.989706516265869
2002-01-04,10.535876274108887,10.17257022857666,10.426884651184082,10.517711639404297,15240400.0,6.041881561279297
2002-01-07,10.781107902526855,10.222524642944336,10.603996276855469,10.454133033752441,15667000.0,6.0053582191467285
2002-01-08,10.517711639404297,10.263397216796875,10.445050239562988,10.34514045715332,9925000.0,5.942748546600342
2002-01-09,10.953678131103516,10.354223251342773,10.354223251342773,10.653950691223145,27239100.0,6.120145797729492
2002-01-10,10.653950691223145,10.449591636657715,10.653950691223145,10.594913482666016,9899500.0,6.08622932434082
2002-01-11,10.67211627960205,10.21798324584961,10.67211627960205,10.390554428100586,11721000.0,5.968837738037109
2002-01-14,10.445050239562988,10.177111625671387,10.395095825195312,10.227066040039062,13084900.0,5.874922752380371
2002-01-15,10.490463256835938,10.290644645690918,10.422343254089355,10.481380462646484,17763300.0,6.021012306213379
2002-01-16,10.40417766571045,10.127157211303711,10.399636268615723,10.181653022766113,16976500.0,5.848836421966553
2002-01-17,10.717529296875,10.213441848754883,10.308810234069824,10.68574047088623,20695200.0,6.138406753540039
2002-01-18,10.490463256835938,10.240690231323242,10.399636268615723,10.267938613891602,14223100.0,5.89840030670166
2002-01-22,10.349681854248047,9.836512565612793,10.34514045715332,9.904632568359375,12245500.0,5.689701557159424
2002-01-23,10.18619441986084,9.67302417755127,9.904632568359375,10.063578605651855,15166000.0,5.781006813049316
2002-01-24,10.49954605102539,10.099908828735352,10.149864196777344,10.277020454406738,17720100.0,5.903616428375244
2002-01-25,10.34514045715332,9.945504188537598,10.040871620178223,10.204360008239746,12574900.0,5.861878871917725
2002-01-28,10.21798324584961,9.881925582885742,10.108991622924805,10.022706985473633,9360700.0,5.7575273513793945
2002-01-29,10.17257022857666,9.491371154785156,10.136240005493164,9.509536743164062,16683000.0,5.46273946762085
2002-01-30,9.990917205810547,9.173479080200195,9.759309768676758,9.97275161743164,17623400.0,5.728831768035889
2002-01-31,10.054495811462402,9.700272560119629,9.990917205810547,10.040871620178223,18060100.0,5.767961502075195
2002-02-01,10.190735816955566,9.904632568359375,9.96821117401123,9.990917205810547,18730400.0,5.739265441894531
2002-02-04,10.463214874267578,9.831971168518066,10.354223251342773,10.009082794189453,25610100.0,5.749701499938965
2002-02-05,10.068120002746582,9.709355354309082,9.990917205810547,9.713896751403809,14383000.0,5.580132484436035
2002-02-06,9.936421394348145,9.445958137512207,9.936421394348145,9.46866512298584,23669500.0,5.4392595291137695
2002-02-07,9.713896751403809,9.432333946228027,9.695731163024902,9.445958137512207,13554800.0,5.426214694976807
2002-02-08,9.514078140258789,9.041780471801758,9.4277925491333,9.264305114746094,21388400.0,5.321866989135742
2002-02-11,9.491371154785156,9.146230697631836,9.264305114746094,9.46866512298584,11736600.0,5.4392595291137695
2002-02-12,9.514078140258789,9.264305114746094,9.423251152038574,9.432333946228027,14514200.0,5.418387413024902
2002-02-13,9.632152557373047,9.382379531860352,9.432333946228027,9.527702331542969,14681100.0,5.473171234130859
2002-02-14,9.604904174804688,9.445958137512207,9.604904174804688,9.482288360595703,21178800.0,5.447083473205566
2002-02-15,9.59582233428955,9.150772094726562,9.59582233428955,9.246139526367188,20710900.0,5.311432838439941
2002-02-19,9.323342323303223,8.96911907196045,9.132606506347656,8.973660469055176,15208300.0,5.154902935028076
2002-02-20,9.100817680358887,8.773841857910156,9.08265209197998,9.000907897949219,11759300.0,5.170557975769043
2002-02-21,9.08265209197998,8.773841857910156,9.037239074707031,8.837420463562012,12699500.0,5.0766425132751465
2002-02-22,8.919164657592773,8.59673023223877,8.778383255004883,8.760217666625977,13138000.0,5.032294273376465
2002-02-25,9.08265209197998,8.764759063720703,8.764759063720703,9.073569297790527,16694400.0,5.212299346923828
2002-02-26,9.377838134765625,8.978201866149902,9.264305114746094,9.087193489074707,21633700.0,5.220123291015625
2002-02-27,9.309718132019043,9.014532089233398,9.259763717651367,9.09627628326416,13164400.0,5.225338935852051
2002-02-28,9.264305114746094,9.08265209197998,9.264305114746094,9.137147903442383,16984400.0,5.248819351196289
2002-03-01,9.346049308776855,9.059945106506348,9.14168930053711,9.178019523620605,14958400.0,5.272298336029053
2002-03-04,9.650318145751953,9.218892097473145,9.264305114746094,9.332425117492676,22494700.0,5.408135890960693
2002-03-05,9.695731163024902,9.341507911682129,9.400545120239258,9.355132102966309,29742600.0,5.421294212341309
2002-03-06,9.318800926208496,9.009990692138672,9.23705768585205,9.164396286010742,35396000.0,5.310764789581299
2002-03-07,9.287012100219727,9.009990692138672,9.218892097473145,9.08265209197998,36426300.0,5.263393878936768
2002-03-08,9.491371154785156,9.150772094726562,9.173479080200195,9.350590705871582,42385600.0,5.418663024902344
2002-03-11,9.636693954467773,9.30063533782959,9.309718132019043,9.527702331542969,24808300.0,5.521299362182617
2002-03-12,9.44141674041748,9.218892097473145,9.332425117492676,9.336966514587402,27242000.0,5.410767078399658
2002-03-13,9.509536743164062,9.12806510925293,9.309718132019043,9.132606506347656,39092100.0,5.292340278625488
2002-03-14,9.14168930053711,8.801090240478516,9.132606506347656,8.810173034667969,28846400.0,5.105493068695068
2002-03-15,8.987284660339355,8.560400009155273,8.96911907196045,8.651226043701172,36207900.0,5.013381481170654
2002-03-18,9.146230697631836,8.705721855163574,8.810173034667969,8.742053031921387,43649300.0,5.066015720367432
2002-03-19,9.08265209197998,8.310626983642578,8.991826057434082,8.53769302368164,77306900.0,4.947588920593262
2002-03-20,8.478655815124512,8.265213012695312,8.433242797851562,8.265213012695312,49996100.0,4.789687156677246
2002-03-21,8.492280006408691,8.247048377990723,8.287919998168945,8.401453018188477,29919600.0,4.868640422821045
2002-03-22,8.37874698638916,7.947320461273193,8.37874698638916,8.242506980895996,43342800.0,4.776529312133789
2002-03-25,8.356040000915527,8.06539535522461,8.242506980895996,8.228882789611816,29456500.0,4.768633842468262
2002-03-26,8.292461395263672,8.128973960876465,8.174386978149414,8.21071720123291,19641300.0,4.758106231689453
2002-03-27,8.21071720123291,7.979109764099121,8.133515357971191,8.069936752319336,19642200.0,4.676524639129639
2002-03-28,8.333333015441895,7.9564032554626465,7.9564032554626465,8.147138595581055,43041100.0,4.7212629318237305
2002-04-01,8.219799995422363,8.010899543762207,8.128973960876465,8.128973960876465,24304300.0,4.710736274719238
2002-04-02,8.128973960876465,7.8792009353637695,8.128973960876465,7.924613952636719,22322500.0,4.592311382293701
2002-04-03,8.019981384277344,7.76566743850708,7.983651161193848,7.8882832527160645,22380000.0,4.571255207061768
2002-04-04,7.924613952636719,7.801998138427734,7.924613952636719,7.833787441253662,25107800.0,4.539676189422607
2002-04-05,7.8882832527160645,7.688465118408203,7.833787441253662,7.715713024139404,19810000.0,4.471251487731934
2002-04-08,7.901907444000244,7.538601398468018,7.6657586097717285,7.774750232696533,29440500.0,4.50546407699585
2002-04-09,8.128973960876465,7.86557674407959,8.128973960876465,7.906448841094971,45103100.0,4.581783294677734
2002-04-10,8.060853958129883,7.929155349731445,8.033605575561523,8.047229766845703,32052700.0,4.663366794586182
2002-04-11,8.165304183959961,7.95186185836792,7.992733955383301,8.128973960876465,35155500.0,4.710736274719238
2002-04-12,8.165304183959961,8.060853958129883,8.160762786865234,8.0835599899292,20522600.0,4.684419631958008
2002-04-15,8.165304183959961,8.042688369750977,8.128973960876465,8.119891166687012,18894400.0,4.705472946166992
2002-04-16,8.446866035461426,8.151679992675781,8.169845581054688,8.446866035461426,20360500.0,4.894953727722168
2002-04-17,8.53769302368164,8.383288383483887,8.469573020935059,8.469573020935059,20235700.0,4.908112525939941
2002-04-18,8.474114418029785,8.219799995422363,8.356040000915527,8.265213012695312,33678700.0,4.789687156677246
2002-04-19,8.492280006408691,8.387828826904297,8.478655815124512,8.487738609313965,21643600.0,4.918641567230225
2002-04-22,8.42416000366211,8.233424186706543,8.42416000366211,8.297002792358398,17557600.0,4.808108329772949
2002-04-23,8.374205589294434,8.0835599899292,8.297002792358398,8.19255256652832,33861400.0,4.7475810050964355
2002-04-24,8.19255256652832,7.770208835601807,8.060853958129883,7.815622329711914,31021900.0,4.529149055480957
2002-04-25,7.942779064178467,7.638510227203369,7.643051624298096,7.892824649810791,40404000.0,4.573887825012207
2002-04-26,7.947320461273193,7.697547912597656,7.892824649810791,7.702088832855225,24406500.0,4.463356018066406
2002-04-29,7.797456741333008,7.520435810089111,7.624886512756348,7.706630229949951,17852900.0,4.465988636016846
2002-04-30,7.924613952636719,7.629427909851074,7.638510227203369,7.76566743850708,27127500.0,4.500201225280762
2002-05-01,7.7429609298706055,7.3841962814331055,7.697547912597656,7.656675815582275,42961600.0,4.437038898468018
2002-05-02,7.924613952636719,7.69300651550293,7.715713024139404,7.7611260414123535,34125000.0,4.4975690841674805
2002-05-03,7.938238143920898,7.7429609298706055,7.7611260414123535,7.920072555541992,43172800.0,4.58967924118042
2002-05-06,8.356040000915527,7.906448841094971,7.920072555541992,8.274295806884766,42476800.0,4.79495096206665
2002-05-07,8.628519058227539,8.333333015441895,8.560400009155273,8.360581398010254,60856200.0,4.844954013824463
2002-05-08,9.08265209197998,8.605813026428223,8.628519058227539,9.08265209197998,54490000.0,5.263393878936768
2002-05-09,9.150772094726562,8.96911907196045,9.08265209197998,9.087193489074707,46595800.0,5.266024112701416
2002-05-10,9.087193489074707,8.628519058227539,9.08265209197998,8.746594429016113,31498700.0,5.068648338317871
2002-05-13,9.118982315063477,8.746594429016113,8.960036277770996,9.073569297790527,37451100.0,5.258130073547363
2002-05-14,9.368755340576172,9.218892097473145,9.282470703125,9.309718132019043,38319600.0,5.39497709274292
2002-05-15,8.96911907196045,8.673933029174805,8.9237060546875,8.787466049194336,49123500.0,5.092333793640137
2002-05-16,8.978201866149902,8.510444641113281,8.514986038208008,8.900999069213867,30005300.0,5.158125400543213
2002-05-17,9.050863265991211,8.814713478088379,8.855586051940918,8.937329292297363,26700100.0,5.179178714752197
2002-05-20,8.94187068939209,8.751134872436523,8.787466049194336,8.851044654846191,22094600.0,5.129177570343018
2002-05-21,8.94187068939209,8.61035442352295,8.855586051940918,8.628519058227539,19808500.0,5.0002241134643555
2002-05-22,8.764759063720703,8.56494140625,8.58310604095459,8.73751163482666,19860700.0,5.063383102416992
2002-05-23,8.805631637573242,8.578564643859863,8.719346046447754,8.764759063720703,23933900.0,5.079174518585205
2002-05-24,8.832879066467285,8.487738609313965,8.805631637573242,8.487738609313965,18038100.0,4.918641567230225
2002-05-28,8.646684646606445,8.405994415283203,8.619437217712402,8.492280006408691,18206100.0,4.921270847320557
2002-05-29,8.53769302368164,8.433242797851562,8.492280006408691,8.433242797851562,15416600.0,4.887059211730957
2002-05-30,8.728428840637207,8.387828826904297,8.401453018188477,8.719346046447754,24813800.0,5.0528564453125
2002-05-31,8.760217666625977,8.637601852416992,8.696639060974121,8.669391632080078,24805300.0,5.023909091949463
2002-06-03,8.714804649353027,8.533151626586914,8.683015823364258,8.560400009155273,23004200.0,4.960748195648193
2002-06-04,8.673933029174805,8.478655815124512,8.483197212219238,8.614895820617676,30726000.0,4.9923272132873535
2002-06-05,8.619437217712402,8.287919998168945,8.619437217712402,8.533151626586914,22169200.0,4.944957733154297
2002-06-06,8.805631637573242,8.287919998168945,8.342415809631348,8.333333015441895,21971100.0,4.829163551330566
2002-06-07,8.519527435302734,8.147138595581055,8.174386978149414,8.487738609313965,29544800.0,4.918641567230225
2002-06-10,8.605813026428223,8.269754409790039,8.401453018188477,8.306085586547852,15175900.0,4.8133721351623535
2002-06-11,8.492280006408691,8.306085586547852,8.487738609313965,8.333333015441895,18512600.0,4.829163551330566
2002-06-12,8.265213012695312,8.056312561035156,8.197093963623047,8.156221389770508,19000800.0,4.726526260375977
2002-06-13,8.128973960876465,7.910990238189697,8.069936752319336,7.947320461273193,16306200.0,4.605469226837158
2002-06-14,7.960944652557373,7.720254421234131,7.856493949890137,7.8792009353637695,21859900.0,4.565993785858154
2002-06-17,8.147138595581055,7.824704647064209,7.970027446746826,8.056312561035156,14936600.0,4.716515064239502
2002-06-18,8.165304183959961,7.901907444000244,8.05177116394043,8.115349769592285,15432400.0,4.751081466674805
2002-06-19,7.988192558288574,7.652134418487549,7.970027446746826,7.697547912597656,20887900.0,4.506479740142822
2002-06-20,7.747502326965332,7.4704813957214355,7.674840927124023,7.561307907104492,15149500.0,4.426720142364502
2002-06-21,7.711171627044678,7.379654884338379,7.4023613929748535,7.475022792816162,24273700.0,4.376205921173096
2002-06-24,7.388737678527832,7.039055347442627,7.266121864318848,7.22070837020874,27063000.0,4.22731876373291
2002-06-25,7.30699348449707,6.657584190368652,7.266121864318848,6.807447910308838,29617300.0,3.9853780269622803
2002-06-26,6.8119893074035645,6.357856273651123,6.357856273651123,6.730245113372803,32329100.0,3.9401798248291016
2002-06-27,6.893733024597168,6.630336284637451,6.798365116119385,6.893733024597168,29225100.0,4.03589391708374
2002-06-28,6.943687438964844,6.725703716278076,6.730245113372803,6.939146041870117,31610800.0,4.062480926513672
2002-07-01,7.0254316329956055,6.802906513214111,6.925522327423096,6.857402324676514,20733800.0,4.014623165130615
2002-07-02,6.902815818786621,6.530426979064941,6.902815818786621,6.639418601989746,25443200.0,3.8870065212249756
2002-07-03,6.9754767417907715,6.516802787780762,6.5395097732543945,6.911898136138916,20417100.0,4.046527862548828
2002-07-05,7.447774887084961,7.107175350189209,7.152588367462158,7.4023613929748535,16354400.0,4.333665370941162
2002-07-08,7.4023613929748535,7.161671161651611,7.325159072875977,7.275204181671143,27446100.0,4.259222507476807
2002-07-09,7.4023613929748535,7.161671161651611,7.198001861572266,7.184377670288086,19931100.0,4.206048965454102
2002-07-10,7.243414878845215,6.9073567390441895,7.243414878845215,6.925522327423096,19470000.0,4.054502964019775
2002-07-11,6.970935344696045,6.643959999084473,6.766575813293457,6.916439533233643,24614800.0,4.049187183380127
2002-07-12,6.993642330169678,6.712080001831055,6.857402324676514,6.934605121612549,17745400.0,4.059821605682373
2002-07-15,6.8119893074035645,6.312443256378174,6.698455810546875,6.8119893074035645,30771600.0,3.988036632537842
2002-07-16,6.889191627502441,6.44868278503418,6.807447910308838,6.475931167602539,28334800.0,3.791292190551758
2002-07-17,6.743869304656982,6.144413948059082,6.653042793273926,6.162579536437988,30954300.0,3.6078436374664307
2002-07-18,6.353315353393555,5.90372371673584,6.158038139343262,6.0626702308654785,23715500.0,3.5493526458740234
2002-07-19,5.90372371673584,5.699364185333252,5.767484188079834,5.812897205352783,27716500.0,3.403125286102295
2002-07-22,5.944595813751221,5.313351631164551,5.722070693969727,5.449591159820557,32092600.0,3.1904289722442627
2002-07-23,5.563124656677246,5.113533020019531,5.222525119781494,5.231607437133789,33843800.0,3.0628113746643066
2002-07-24,5.463215351104736,4.881925582885742,4.881925582885742,5.449591159820557,42517000.0,3.1904289722442627
2002-07-25,5.449591159820557,5.145322322845459,5.449591159820557,5.3587646484375,27933900.0,3.1372549533843994
2002-07-26,5.481380462646484,5.08628511428833,5.177111625671387,5.2951860427856445,30694900.0,3.1000332832336426
2002-07-29,5.967302322387695,5.426884651184082,5.426884651184082,5.894641399383545,24940000.0,3.450981855392456
2002-07-30,6.4214348793029785,5.821979999542236,5.894641399383545,6.294278144836426,32241400.0,3.684945821762085
2002-07-31,6.425976276397705,5.949137210845947,6.244323253631592,6.425976276397705,26943800.0,3.7620480060577393
2002-08-01,6.4214348793029785,6.094459533691406,6.312443256378174,6.217075347900391,30483800.0,3.6397485733032227
2002-08-02,6.1307902336120605,5.681199073791504,5.9945502281188965,5.812897205352783,23718800.0,3.403125286102295
2002-08-05,5.81743860244751,5.404178142547607,5.812897205352783,5.495004653930664,23847800.0,3.217015504837036
2002-08-06,5.8991827964782715,5.495004653930664,5.499546051025391,5.744777679443359,16751400.0,3.3632428646087646
2002-08-07,6.026339530944824,5.540417671203613,5.971843719482422,5.867393493652344,22940800.0,3.4350287914276123
2002-08-08,6.1898274421691895,5.699364185333252,5.926430702209473,6.153496742248535,22983800.0,3.6025259494781494
2002-08-09,6.126248836517334,5.8991827964782715,5.971843719482422,6.08991813659668,13943900.0,3.565302848815918
2002-08-12,6.08991813659668,5.926430702209473,6.08991813659668,6.0445051193237305,12570500.0,3.538717746734619
2002-08-13,6.425976276397705,5.935513019561768,5.971843719482422,6.00363302230835,16853600.0,3.5147883892059326
2002-08-14,6.6757493019104,6.017257213592529,6.0626702308654785,6.643959999084473,17995800.0,3.889664649963379
2002-08-15,6.925522327423096,6.584922790527344,6.798365116119385,6.8119893074035645,26209000.0,3.988036632537842
2002-08-16,6.989100933074951,6.657584190368652,6.8119893074035645,6.839237213134766,17067000.0,4.003988265991211
2002-08-19,6.993642330169678,6.698455810546875,6.730245113372803,6.8119893074035645,19526200.0,3.988036632537842
2002-08-20,6.807447910308838,6.516802787780762,6.807447910308838,6.58946418762207,16462800.0,3.8577613830566406
2002-08-21,6.7620344161987305,6.41689395904541,6.6757493019104,6.6757493019104,16378200.0,3.9082748889923096
2002-08-22,6.993642330169678,6.698455810546875,6.802906513214111,6.94822883605957,17680000.0,4.0677971839904785
2002-08-23,6.8301544189453125,6.525885581970215,6.8119893074035645,6.6757493019104,15736800.0,3.9082748889923096
2002-08-26,6.8119893074035645,6.544050693511963,6.766575813293457,6.743869304656982,14427200.0,3.9481546878814697
2002-08-27,6.739327907562256,6.335149765014648,6.630336284637451,6.453224182128906,19056100.0,3.777998208999634
2002-08-28,6.625794887542725,6.271571159362793,6.4713897705078125,6.480472087860107,24160100.0,3.7939507961273193
2002-08-29,6.425976276397705,6.1307902336120605,6.1307902336120605,6.280653953552246,24823800.0,3.6769697666168213
2002-08-30,6.244323253631592,6.0626702308654785,6.17620325088501,6.099000930786133,22758100.0,3.570622205734253
2002-09-03,5.9173479080200195,5.676657676696777,5.912806510925293,5.699364185333252,20680300.0,3.336656093597412
2002-09-04,5.976385116577148,5.676657676696777,5.812897205352783,5.940054416656494,22742400.0,3.477567672729492
2002-09-05,5.971843719482422,5.722070693969727,5.722070693969727,5.835604190826416,14997300.0,3.4164175987243652
2002-09-06,6.3169846534729,6.00363302230835,6.017257213592529,6.1307902336120605,21260900.0,3.5892324447631836
2002-09-09,6.312443256378174,5.940054416656494,5.980926513671875,6.1307902336120605,16038700.0,3.5892324447631836
2002-09-10,6.44868278503418,6.162579536437988,6.17620325088501,6.430517673492432,18101900.0,3.764706611633301
2002-09-11,6.643959999084473,6.4713897705078125,6.630336284637451,6.521344184875488,13639400.0,3.817880392074585
2002-09-12,6.407811164855957,6.162579536437988,6.4032697677612305,6.17620325088501,16695100.0,3.6158204078674316
2002-09-13,6.312443256378174,6.085376739501953,6.1307902336120605,6.1307902336120605,13839100.0,3.5892324447631836
2002-09-16,6.2079925537109375,5.999091625213623,6.080835819244385,6.198910236358643,18760100.0,3.677096128463745
2002-09-17,6.380563259124756,6.039963722229004,6.380563259124756,6.0626702308654785,13709200.0,3.596280097961426
2002-09-18,6.139873027801514,5.867393493652344,5.90372371673584,6.080835819244385,14797800.0,3.6070549488067627
2002-09-19,5.935513019561768,5.7039055824279785,5.812897205352783,5.835604190826416,18299700.0,3.4615886211395264
2002-09-20,5.8991827964782715,5.667574882507324,5.835604190826416,5.876475811004639,37793100.0,3.4858322143554688
2002-09-23,5.940054416656494,5.653951168060303,5.676657676696777,5.8492279052734375,20085300.0,3.4696695804595947
2002-09-24,5.712988376617432,5.517711162567139,5.585831165313721,5.581289768218994,23009500.0,3.310731887817383
2002-09-25,5.876475811004639,5.449591159820557,5.4722981452941895,5.8310627937316895,26772300.0,3.458893299102783
2002-09-26,5.858310699462891,5.413260459899902,5.858310699462891,5.481380462646484,28627700.0,3.2514684200286865
2002-09-27,5.758401393890381,5.431426048278809,5.431426048278809,5.463215351104736,16004300.0,3.240692377090454
2002-09-30,5.481380462646484,5.181653022766113,5.417801856994629,5.299727439880371,20911700.0,3.143714666366577
2002-10-01,5.790190696716309,5.258855819702148,5.313351631164551,5.64486837387085,20494600.0,3.3484461307525635
2002-10-02,5.699364185333252,5.108991622924805,5.64486837387085,5.404178142547607,17806900.0,3.2056732177734375
2002-10-03,5.667574882507324,5.408719539642334,5.449591159820557,5.435967445373535,16367400.0,3.2245302200317383
2002-10-04,5.554041862487793,5.122615814208984,5.463215351104736,5.199818134307861,22017100.0,3.0844497680664062
2002-10-07,5.3587646484375,5.1316986083984375,5.336058139801025,5.245231628417969,19235300.0,3.1113882064819336
2002-10-08,5.376930236816406,5.059037208557129,5.313351631164551,5.240690231323242,23051400.0,3.108694314956665
2002-10-09,5.127157211303711,4.959127902984619,5.027247905731201,5.068120002746582,29763700.0,3.0063281059265137
2002-10-10,5.413260459899902,5.059037208557129,5.068120002746582,5.363306045532227,31171500.0,3.1814284324645996
2002-10-11,5.540417671203613,5.322433948516846,5.449591159820557,5.45867395401001,27792100.0,3.23799991607666
2002-10-14,5.581289768218994,5.299727439880371,5.313351631164551,5.549500465393066,15122200.0,3.2918756008148193
2002-10-15,6.148955345153809,5.722070693969727,5.894641399383545,6.1307902336120605,36379600.0,3.6366865634918213
2002-10-16,6.039963722229004,5.7720255851745605,6.039963722229004,5.876475811004639,18586400.0,3.4858322143554688
2002-10-17,6.1307902336120605,5.812897205352783,6.1307902336120605,5.90372371673584,22203800.0,3.5019962787628174
2002-10-18,5.944595813751221,5.7039055824279785,5.722070693969727,5.944595813751221,20113000.0,3.5262410640716553
2002-10-21,6.4032697677612305,5.785649299621582,5.90372371673584,6.348773956298828,18728200.0,3.765991687774658
2002-10-22,6.348773956298828,6.139873027801514,6.180744647979736,6.303360462188721,18964500.0,3.739053249359131
2002-10-23,6.534968376159668,6.17620325088501,6.298819065093994,6.534968376159668,18691000.0,3.8764383792877197
2002-10-24,6.571298599243164,6.180744647979736,6.4895548820495605,6.267029762268066,18314200.0,3.7175018787384033
2002-10-25,6.643959999084473,6.298819065093994,6.312443256378174,6.639418601989746,16460100.0,3.938397169113159
2002-10-28,7.261580467224121,6.8982744216918945,6.993642330169678,6.934605121612549,45650300.0,4.113497734069824
2002-10-29,7.016348838806152,6.693914413452148,7.016348838806152,6.8119893074035645,24696000.0,4.040764331817627
2002-10-30,7.23433256149292,6.766575813293457,6.857402324676514,7.107175350189209,27792100.0,4.215862274169922
2002-10-31,7.49318790435791,7.084468841552734,7.093551158905029,7.175295352935791,35613800.0,4.256269931793213
2002-11-01,7.475022792816162,7.0254316329956055,7.084468841552734,7.40690279006958,22929400.0,4.3936567306518555
2002-11-04,8.183469772338867,7.656675815582275,7.76566743850708,8.03814697265625,46044900.0,4.768101215362549
2002-11-05,7.942779064178467,7.584014415740967,7.901907444000244,7.783833026885986,36600900.0,4.617247581481934
2002-11-06,7.9654860496521,7.652134418487549,7.897366046905518,7.95186185836792,29715500.0,4.716918468475342
2002-11-07,7.942779064178467,7.534060001373291,7.788374423980713,7.59309720993042,25777200.0,4.504103183746338
2002-11-08,7.720254421234131,7.443233489990234,7.584014415740967,7.574932098388672,26043000.0,4.49332857131958
2002-11-11,7.2570390701293945,6.562216281890869,7.152588367462158,6.743869304656982,82889600.0,4.000356674194336
2002-11-12,7.1207990646362305,6.821071624755859,6.8301544189453125,7.039055347442627,47340500.0,4.175457000732422
2002-11-13,7.49318790435791,6.970935344696045,7.016348838806152,7.316076278686523,38359900.0,4.339780330657959
2002-11-14,7.729336738586426,7.4023613929748535,7.425067901611328,7.674840927124023,32558500.0,4.55259370803833
2002-11-15,7.820163249969482,7.50681209564209,7.674840927124023,7.674840927124023,32969600.0,4.55259370803833
2002-11-18,7.901907444000244,7.584014415740967,7.720254421234131,7.656675815582275,22287700.0,4.541818141937256
2002-11-19,7.847411632537842,7.456857204437256,7.4704813957214355,7.515894412994385,16330600.0,4.458309173583984
2002-11-20,7.856493949890137,7.4023613929748535,7.434150695800781,7.652134418487549,43878800.0,4.53912353515625
2002-11-21,8.846503257751465,8.319709777832031,8.319709777832031,8.623978614807129,117869900.0,5.11560583114624
2002-11-22,8.696639060974121,8.446866035461426,8.446866035461426,8.696639060974121,39406500.0,5.158707141876221
2002-11-25,8.823796272277832,8.514986038208008,8.692097663879395,8.760217666625977,28755900.0,5.196421146392822
2002-11-26,8.746594429016113,8.514986038208008,8.673933029174805,8.514986038208008,43059400.0,5.0509538650512695
2002-11-27,8.950953483581543,8.514986038208008,8.628519058227539,8.89645767211914,35796300.0,5.2772369384765625
2002-11-29,9.009990692138672,8.814713478088379,8.878292083740234,8.846503257751465,12781500.0,5.247603416442871
2002-12-02,9.373296737670898,8.719346046447754,9.073569297790527,9.005449295043945,38531000.0,5.341888904571533
2002-12-03,8.991826057434082,8.651226043701172,8.991826057434082,8.732970237731934,26005300.0,5.18026065826416
2002-12-04,8.510444641113281,8.128973960876465,8.242506980895996,8.342415809631348,40319900.0,4.948587894439697
2002-12-05,8.455948829650879,8.269754409790039,8.37874698638916,8.292461395263672,15950600.0,4.9189581871032715
2002-12-06,8.673933029174805,8.0835599899292,8.138056755065918,8.55131721496582,24405600.0,5.07250452041626
2002-12-09,8.42416000366211,8.101725578308105,8.101725578308105,8.188011169433594,18204500.0,4.856998443603516
2002-12-10,8.53769302368164,8.174386978149414,8.287919998168945,8.483197212219238,17463100.0,5.032098293304443
2002-12-11,8.39691162109375,8.197093963623047,8.274295806884766,8.278837203979492,24944900.0,4.910876274108887
2002-12-12,8.646684646606445,8.310626983642578,8.356040000915527,8.519527435302734,23075800.0,5.05364990234375
2002-12-13,8.533151626586914,8.287919998168945,8.446866035461426,8.437784194946289,17701600.0,5.005158424377441
2002-12-16,8.628519058227539,8.469573020935059,8.587647438049316,8.605813026428223,19621300.0,5.153696060180664
2002-12-17,8.878292083740234,8.605813026428223,8.651226043701172,8.623978614807129,33775500.0,5.16457462310791
2002-12-18,8.623978614807129,8.342415809631348,8.623978614807129,8.560400009155273,29886600.0,5.126497745513916
2002-12-19,8.696639060974121,8.455948829650879,8.469573020935059,8.605813026428223,26124300.0,5.153696060180664
2002-12-20,8.633060455322266,8.483197212219238,8.628519058227539,8.587647438049316,42303500.0,5.142815589904785
2002-12-23,8.642143249511719,8.465031623840332,8.492280006408691,8.483197212219238,23058600.0,5.080264568328857
2002-12-24,8.510444641113281,8.324250221252441,8.446866035461426,8.36512279510498,8698700.0,5.009554386138916
2002-12-26,8.514986038208008,8.219799995422363,8.333333015441895,8.306085586547852,13132700.0,4.974201202392578
2002-12-27,8.374205589294434,8.060853958129883,8.228882789611816,8.147138595581055,12694900.0,4.879011631011963
2002-12-30,8.033605575561523,7.797456741333008,8.015440940856934,7.920072555541992,22153000.0,4.7430291175842285
2002-12-31,7.938238143920898,7.801998138427734,7.842870235443115,7.883741855621338,14134100.0,4.721273899078369
2003-01-02,8.42416000366211,7.983651161193848,8.00635814666748,8.265213012695312,23026300.0,4.9497222900390625
2003-01-03,8.514986038208008,8.292461395263672,8.333333015441895,8.433242797851562,13645700.0,5.05034875869751
2003-01-06,9.046321868896484,8.587647438049316,8.605813026428223,8.9237060546875,26119000.0,5.344069957733154
2003-01-07,9.168937683105469,8.91008186340332,8.932788848876953,9.059945106506348,34404000.0,5.425658226013184
2003-01-08,9.209809303283691,8.855586051940918,9.055403709411621,8.855586051940918,33964700.0,5.303273677825928
2003-01-09,9.382379531860352,8.946412086486816,8.950953483581543,9.30063533782959,38371100.0,5.569797992706299
2003-01-10,9.573115348815918,9.08265209197998,9.196185111999512,9.46866512298584,37096600.0,5.670423984527588
2003-01-13,9.62761116027832,9.223433494567871,9.46866512298584,9.246139526367188,34935600.0,5.537163257598877
2003-01-14,9.386920928955078,9.150772094726562,9.196185111999512,9.355132102966309,22073000.0,5.602434158325195
2003-01-15,9.355132102966309,9.105359077453613,9.355132102966309,9.196185111999512,16446000.0,5.5072455406188965
2003-01-16,9.26884651184082,9.059945106506348,9.173479080200195,9.078110694885254,16635600.0,5.436535358428955
2003-01-17,8.960036277770996,8.59673023223877,8.714804649353027,8.732970237731934,23284600.0,5.2298455238342285
2003-01-21,8.855586051940918,8.53769302368164,8.605813026428223,8.59673023223877,17184800.0,5.148256301879883
2003-01-22,8.855586051940918,8.53769302368164,8.601271629333496,8.605813026428223,19797500.0,5.153696060180664
2003-01-23,9.055403709411621,8.692097663879395,8.696639060974121,8.900999069213867,17782600.0,5.330471038818359
2003-01-24,8.991826057434082,8.442325592041016,8.991826057434082,8.514986038208008,24024700.0,5.099300861358643
2003-01-27,8.58310604095459,8.197093963623047,8.401453018188477,8.342415809631348,24847800.0,4.995956897735596
2003-01-28,8.619437217712402,8.23796558380127,8.42416000366211,8.528610229492188,17703100.0,5.1074604988098145
2003-01-29,8.78292465209961,8.25158977508545,8.524068832397461,8.760217666625977,22021900.0,5.246162414550781
2003-01-30,8.746594429016113,8.151679992675781,8.72388744354248,8.265213012695312,23014600.0,4.9497222900390625
2003-01-31,7.938238143920898,7.6158037185668945,7.938238143920898,7.906448841094971,58505800.0,4.734871864318848
2003-02-03,8.128973960876465,7.901907444000244,7.920072555541992,7.938238143920898,26384100.0,4.753910064697266
2003-02-04,7.9564032554626465,7.6657586097717285,7.7429609298706055,7.947320461273193,29527200.0,4.759345531463623
2003-02-05,7.992733955383301,7.738419532775879,7.947320461273193,7.770208835601807,24372100.0,4.653284549713135
2003-02-06,7.8292460441589355,7.652134418487549,7.774750232696533,7.733878135681152,14569500.0,4.631525993347168
2003-02-07,7.788374423980713,7.375113487243652,7.733878135681152,7.484105587005615,26312100.0,4.481945514678955
2003-02-10,7.574932098388672,7.288828372955322,7.4023613929748535,7.556766510009766,21803700.0,4.525458812713623
2003-02-11,7.856493949890137,7.524977207183838,7.661217212677002,7.652134418487549,21083700.0,4.5825724601745605
2003-02-12,7.756585121154785,7.543142795562744,7.656675815582275,7.5476837158203125,18729900.0,4.520020961761475
2003-02-13,7.824704647064209,7.552225112915039,7.552225112915039,7.697547912597656,18887600.0,4.609769344329834
2003-02-14,8.151679992675781,7.833787441253662,7.833787441253662,8.079019546508789,30360000.0,4.838217735290527
2003-02-18,8.401453018188477,8.106266975402832,8.133515357971191,8.374205589294434,18691600.0,5.014993667602539
2003-02-19,8.333333015441895,7.979109764099121,8.278837203979492,8.088101387023926,19104700.0,4.84365701675415
2003-02-20,8.201634407043457,8.056312561035156,8.197093963623047,8.115349769592285,16134000.0,4.8599748611450195
2003-02-21,8.374205589294434,8.047229766845703,8.174386978149414,8.25158977508545,16937700.0,4.941564083099365
2003-02-24,8.310626983642578,8.042688369750977,8.25158977508545,8.060853958129883,18517400.0,4.8273396492004395
2003-02-25,8.265213012695312,7.838328838348389,8.060853958129883,8.256131172180176,26734700.0,4.944281578063965
2003-02-26,7.706630229949951,6.893733024597168,7.629427909851074,6.980018138885498,123051000.0,4.180068492889404
2003-02-27,7.198001861572266,6.7620344161987305,7.0345139503479,7.057220935821533,61682400.0,4.226301193237305
2003-02-28,7.279745578765869,7.057220935821533,7.057220935821533,7.198001861572266,25799000.0,4.310610294342041
2003-03-03,7.356948375701904,7.152588367462158,7.311534881591797,7.202543258666992,20608200.0,4.313330173492432
2003-03-04,7.2570390701293945,7.057220935821533,7.2570390701293945,7.057220935821533,19332800.0,4.226301193237305
2003-03-05,7.084468841552734,6.880108833312988,7.057220935821533,7.066303253173828,22720800.0,4.231743335723877
2003-03-06,7.098092555999756,6.889191627502441,6.957311630249023,7.061761856079102,20905700.0,4.229021072387695
2003-03-07,7.202543258666992,6.866485118865967,6.880108833312988,7.175295352935791,23709300.0,4.297011852264404
2003-03-10,7.093551158905029,6.934605121612549,6.993642330169678,7.0345139503479,16609000.0,4.212703227996826
2003-03-11,7.116258144378662,6.980018138885498,6.993642330169678,6.998183250427246,14377900.0,4.190946102142334
2003-03-12,7.1207990646362305,6.94822883605957,6.993642330169678,7.070844650268555,18771800.0,4.234461307525635
2003-03-13,7.129881858825684,6.439600467681885,7.129881858825684,6.8119893074035645,88386000.0,4.079441070556641
2003-03-14,7.207084655761719,6.880108833312988,6.9754767417907715,7.1117167472839355,36434200.0,4.258937358856201
2003-03-17,7.538601398468018,7.039055347442627,7.039055347442627,7.447774887084961,31725700.0,4.510934352874756
2003-03-18,7.629427909851074,7.429609298706055,7.520435810089111,7.602180004119873,19856900.0,4.604454040527344
2003-03-19,7.788374423980713,7.538601398468018,7.602180004119873,7.702088832855225,26460100.0,4.6649651527404785
2003-03-20,7.874659538269043,7.588555812835693,7.702088832855225,7.797456741333008,20889200.0,4.722727298736572
2003-03-21,8.0835599899292,7.847411632537842,8.0835599899292,7.95186185836792,29400400.0,4.816246509552002
2003-03-24,7.8292460441589355,7.425067901611328,7.8292460441589355,7.515894412994385,21352300.0,4.552191257476807
2003-03-25,7.584014415740967,7.193460464477539,7.415985584259033,7.497729301452637,37313700.0,4.541191101074219
2003-03-26,7.57947301864624,7.397819995880127,7.497729301452637,7.5295186042785645,20834200.0,4.5604448318481445
2003-03-27,7.606720924377441,7.356948375701904,7.4023613929748535,7.465939998626709,21107700.0,4.521936416625977
2003-03-28,7.50681209564209,7.343324184417725,7.465939998626709,7.379654884338379,15671600.0,4.469674587249756
2003-03-31,7.647593021392822,7.039055347442627,7.152588367462158,7.061761856079102,29965400.0,4.277133941650391
2003-04-01,7.216166973114014,7.029972553253174,7.129881858825684,7.093551158905029,19031000.0,4.296389102935791
2003-04-02,7.338782787322998,7.184377670288086,7.184377670288086,7.261580467224121,27881000.0,4.398162364959717
2003-04-03,7.515894412994385,7.293369770050049,7.356948375701904,7.429609298706055,18615400.0,4.499931812286377
2003-04-04,7.5476837158203125,7.338782787322998,7.534060001373291,7.40690279006958,24554900.0,4.486177921295166
2003-04-07,7.69300651550293,7.347865581512451,7.59309720993042,7.361489772796631,22096800.0,4.458671569824219
2003-04-08,7.316076278686523,7.084468841552734,7.2388739585876465,7.152588367462158,22847500.0,4.332146167755127
2003-04-09,7.157129764556885,6.943687438964844,7.152588367462158,6.9754767417907715,26854200.0,4.224871635437012
2003-04-10,7.129881858825684,6.920980930328369,6.9754767417907715,7.070844650268555,19323600.0,4.2826361656188965
2003-04-11,7.266121864318848,6.902815818786621,7.243414878845215,6.94822883605957,27055700.0,4.208370685577393
2003-04-14,7.229791164398193,6.970935344696045,6.998183250427246,7.216166973114014,17671200.0,4.370655059814453
2003-04-15,7.1117167472839355,6.930063724517822,6.930063724517822,7.070844650268555,29684700.0,4.2826361656188965
2003-04-16,7.270663261413574,7.029972553253174,7.0435967445373535,7.079927444458008,27224400.0,4.288137912750244
2003-04-17,7.129881858825684,6.902815818786621,7.066303253173828,6.94822883605957,34812700.0,4.208370685577393
2003-04-21,7.0345139503479,6.925522327423096,6.966394424438477,6.993642330169678,18405800.0,4.235877513885498
2003-04-22,7.270663261413574,6.930063724517822,6.993642330169678,7.1889190673828125,30185400.0,4.354151248931885
2003-04-23,7.356948375701904,7.129881858825684,7.175295352935791,7.297911167144775,30476700.0,4.420166015625
2003-04-24,7.2570390701293945,7.1117167472839355,7.243414878845215,7.175295352935791,26068800.0,4.345900535583496
2003-04-25,7.266121864318848,7.084468841552734,7.175295352935791,7.198001861572266,27411300.0,4.359652519226074
2003-04-28,7.375113487243652,7.084468841552734,7.152588367462158,7.316076278686523,25680800.0,4.431168079376221
2003-04-29,7.5476837158203125,7.316076278686523,7.429609298706055,7.49318790435791,24516800.0,4.53843879699707
2003-04-30,7.4704813957214355,7.343324184417725,7.379654884338379,7.4023613929748535,23019400.0,4.483426570892334
2003-05-01,7.556766510009766,7.361489772796631,7.4023613929748535,7.515894412994385,20047400.0,4.552191257476807
2003-05-02,7.6657586097717285,7.429609298706055,7.475022792816162,7.561307907104492,24007300.0,4.579698085784912
2003-05-05,7.7611260414123535,7.584014415740967,7.602180004119873,7.629427909851074,23151300.0,4.620955467224121
2003-05-06,7.988192558288574,7.633969306945801,7.652134418487549,7.870118141174316,30772900.0,4.76673698425293
2003-05-07,7.960944652557373,7.7429609298706055,7.756585121154785,7.820163249969482,19773200.0,4.736477851867676
2003-05-08,7.8110809326171875,7.670299530029297,7.8110809326171875,7.7611260414123535,18173100.0,4.700722694396973
2003-05-09,7.8882832527160645,7.770208835601807,7.8110809326171875,7.874659538269043,17215400.0,4.7694878578186035
2003-05-12,7.970027446746826,7.833787441253662,7.874659538269043,7.906448841094971,24613000.0,4.7887396812438965
2003-05-13,7.906448841094971,7.788374423980713,7.906448841094971,7.847411632537842,18410900.0,4.752983570098877
2003-05-14,7.947320461273193,7.838328838348389,7.870118141174316,7.910990238189697,18768500.0,4.791491508483887
2003-05-15,8.119891166687012,7.892824649810791,8.015440940856934,8.00635814666748,22597100.0,4.849252223968506
2003-05-16,8.287919998168945,7.947320461273193,8.287919998168945,8.151679992675781,37217700.0,4.937272548675537
2003-05-19,8.03814697265625,7.5976386070251465,8.03814697265625,7.6657586097717285,31760500.0,4.642961025238037
2003-05-20,7.920072555541992,7.652134418487549,7.706630229949951,7.7429609298706055,33922600.0,4.6897196769714355
2003-05-21,8.401453018188477,8.097184181213379,8.333333015441895,8.147138595581055,74887500.0,4.934521198272705
2003-05-22,8.39691162109375,8.115349769592285,8.165304183959961,8.383288383483887,46520700.0,5.077552795410156
2003-05-23,8.401453018188477,8.287919998168945,8.356040000915527,8.39691162109375,20363600.0,5.085803508758545
2003-05-27,8.533151626586914,8.228882789611816,8.346957206726074,8.483197212219238,28004500.0,5.138062477111816
2003-05-28,8.964577674865723,8.455948829650879,8.533151626586914,8.801090240478516,40626900.0,5.330604076385498
2003-05-29,8.900999069213867,8.601271629333496,8.714804649353027,8.655767440795898,23683300.0,5.242585182189941
2003-05-30,8.878292083740234,8.660308837890625,8.660308837890625,8.855586051940918,24460000.0,5.363609790802002
2003-06-02,9.355132102966309,8.95549488067627,8.991826057434082,9.105359077453613,46646000.0,5.514891147613525
2003-06-03,9.196185111999512,8.991826057434082,8.991826057434082,9.114441871643066,32549300.0,5.520391941070557
2003-06-04,9.65485954284668,9.10990047454834,9.10990047454834,9.554949760437012,51497500.0,5.787197589874268
2003-06-05,9.945504188537598,9.400545120239258,9.532243728637695,9.945504188537598,45567300.0,6.023746013641357
2003-06-06,10.354223251342773,9.950045585632324,10.081744194030762,10.004541397094727,48601600.0,6.059504985809326
2003-06-09,10.01362419128418,9.704813957214355,9.763851165771484,9.777475357055664,25544700.0,5.921976089477539
2003-06-10,9.922797203063965,9.691189765930176,9.854677200317383,9.818346977233887,21784600.0,5.946732521057129
2003-06-11,9.663942337036133,9.514078140258789,9.559491157531738,9.62761116027832,41168300.0,5.831207275390625
2003-06-12,9.763851165771484,9.50045394897461,9.741144180297852,9.645776748657227,25307100.0,5.8422088623046875
2003-06-13,9.718438148498535,9.336966514587402,9.536785125732422,9.532243728637695,17446200.0,5.773447036743164
2003-06-16,9.718438148498535,9.450499534606934,9.536785125732422,9.709355354309082,17739300.0,5.930487155914307
2003-06-17,9.845595359802246,9.62761116027832,9.786558151245117,9.82742977142334,22856500.0,6.0026092529296875
2003-06-18,10.01362419128418,9.786558151245117,9.854677200317383,9.977293014526367,25393200.0,6.094144344329834
2003-06-19,10.104450225830078,9.759309768676758,10.01362419128418,9.809264183044434,20351900.0,5.99151611328125
2003-06-20,9.981834411621094,9.763851165771484,9.940962791442871,9.854677200317383,30117800.0,6.019252300262451
2003-06-23,9.886466979980469,9.554949760437012,9.854677200317383,9.704813957214355,16985500.0,5.9277143478393555
2003-06-24,9.650318145751953,9.423251152038574,9.423251152038574,9.586739540100098,24929500.0,5.855594635009766
2003-06-25,9.763851165771484,9.4277925491333,9.559491157531738,9.445958137512207,38337700.0,5.7696051597595215
2003-06-26,9.990917205810547,9.218892097473145,9.400545120239258,9.67302417755127,21627300.0,5.90829610824585
2003-06-27,9.786558151245117,9.445958137512207,9.713896751403809,9.48682975769043,23384300.0,5.7945685386657715
2003-06-30,9.759309768676758,9.577656745910645,9.61398696899414,9.67302417755127,43027500.0,5.90829610824585
2003-07-01,9.67302417755127,9.473206520080566,9.67302417755127,9.618528366088867,24565700.0,5.875011920928955
2003-07-02,9.822888374328613,9.609445571899414,9.67302417755127,9.791098594665527,28523300.0,5.980418682098389
2003-07-03,9.777475357055664,9.536785125732422,9.536785125732422,9.67302417755127,11730200.0,5.90829610824585
2003-07-07,10.036330223083496,9.763851165771484,9.895549774169922,10.01362419128418,31715800.0,6.116336822509766
2003-07-08,10.127157211303711,9.931879997253418,10.01362419128418,10.040871620178223,31689400.0,6.1329803466796875
2003-07-09,10.51317024230957,10.040871620178223,10.104450225830078,10.413260459899902,43007400.0,6.360435962677002
2003-07-10,10.277020454406738,9.82742977142334,10.240690231323242,10.01362419128418,35087700.0,6.116336822509766
2003-07-11,10.381471633911133,9.854677200317383,9.854677200317383,10.381471633911133,33305600.0,6.341019630432129
2003-07-14,10.76294231414795,10.485921859741211,10.490463256835938,10.681199073791504,34217300.0,6.524092197418213
2003-07-15,10.76294231414795,10.317893028259277,10.676657676696777,10.399636268615723,28508800.0,6.35211181640625
2003-07-16,10.694823265075684,10.227066040039062,10.622161865234375,10.308810234069824,22292600.0,6.296635627746582
2003-07-17,10.190735816955566,9.831971168518066,10.099908828735352,9.904632568359375,22559700.0,6.049765586853027
2003-07-18,10.354223251342773,9.895549774169922,10.036330223083496,10.240690231323242,29366500.0,6.255030632019043
2003-07-21,10.072661399841309,9.791098594665527,10.01362419128418,9.913714408874512,26286300.0,6.055309295654297
2003-07-22,10.036330223083496,9.854677200317383,9.990917205810547,9.977293014526367,25360400.0,6.094144344329834
2003-07-23,10.049954414367676,9.718438148498535,9.990917205810547,10.049954414367676,18693800.0,6.138526916503906
2003-07-24,10.022706985473633,9.264305114746094,9.990917205810547,9.582198143005371,25164800.0,5.852818965911865
2003-07-25,9.745685577392578,8.978201866149902,9.586739540100098,9.718438148498535,24848200.0,5.936038017272949
2003-07-28,9.836512565612793,9.586739540100098,9.718438148498535,9.709355354309082,19133600.0,5.930487155914307
2003-07-29,9.886466979980469,9.650318145751953,9.709355354309082,9.659400939941406,22228000.0,5.89997673034668
2003-07-30,9.713896751403809,9.536785125732422,9.677565574645996,9.545866966247559,21073500.0,5.830627918243408
2003-07-31,9.881925582885742,9.536785125732422,9.67302417755127,9.61398696899414,25512800.0,5.872239112854004
2003-08-01,9.763851165771484,9.523160934448242,9.536785125732422,9.523160934448242,20941600.0,5.8167619705200195
2003-08-04,9.623069763183594,9.332425117492676,9.604904174804688,9.445958137512207,17667700.0,5.7696051597595215
2003-08-05,9.46866512298584,9.037239074707031,9.450499534606934,9.0690279006958,29893200.0,5.539375305175781
2003-08-06,9.091734886169434,8.673933029174805,9.055403709411621,9.032697677612305,33918200.0,5.517184734344482
2003-08-07,8.991826057434082,8.701180458068848,8.832879066467285,8.76930046081543,37993700.0,5.356304168701172
2003-08-08,9.123523712158203,8.823796272277832,8.9237060546875,9.118982315063477,22402900.0,5.569887638092041
2003-08-11,9.100817680358887,9.000907897949219,9.037239074707031,9.064486503601074,17959200.0,5.536600589752197
2003-08-12,9.532243728637695,9.073569297790527,9.08265209197998,9.514078140258789,28463900.0,5.811213493347168
2003-08-13,9.695731163024902,9.491371154785156,9.636693954467773,9.559491157531738,22510300.0,5.838952541351318
2003-08-14,9.695731163024902,9.523160934448242,9.62761116027832,9.604904174804688,17706500.0,5.866689682006836
2003-08-15,9.895549774169922,9.604904174804688,9.713896751403809,9.718438148498535,13980700.0,5.936038017272949
2003-08-18,10.127157211303711,9.732061386108398,9.736602783203125,10.049954414367676,25748200.0,6.138526916503906
2003-08-19,10.853769302368164,9.904632568359375,10.21798324584961,10.040871620178223,25743100.0,6.1329803466796875
2003-08-20,9.150772094726562,8.855586051940918,9.078110694885254,8.991826057434082,112994300.0,5.4922194480896
2003-08-21,9.08265209197998,8.855586051940918,9.08265209197998,9.009990692138672,62094400.0,5.503317356109619
2003-08-22,9.196185111999512,8.814713478088379,9.168937683105469,8.832879066467285,40808700.0,5.395134449005127
2003-08-25,8.946412086486816,8.764759063720703,8.810173034667969,8.810173034667969,22532400.0,5.381268501281738
2003-08-26,8.900999069213867,8.764759063720703,8.764759063720703,8.891916275024414,23060800.0,5.431196689605713
2003-08-27,8.914623260498047,8.832879066467285,8.89645767211914,8.864668846130371,17946900.0,5.414553165435791
2003-08-28,8.991826057434082,8.832879066467285,8.9237060546875,8.978201866149902,18439700.0,5.4838995933532715
2003-08-29,9.118982315063477,8.914623260498047,8.937329292297363,9.050863265991211,21406500.0,5.528280735015869
2003-09-02,9.223433494567871,9.105359077453613,9.12806510925293,9.173479080200195,23274600.0,5.603174686431885
2003-09-03,9.445958137512207,9.187102317810059,9.218892097473145,9.373296737670898,32750500.0,5.725224494934082
2003-09-04,9.482288360595703,9.350590705871582,9.405086517333984,9.436875343322754,18033200.0,5.764060020446777
2003-09-05,9.418710708618164,9.173479080200195,9.32788372039795,9.187102317810059,29878900.0,5.611495018005371
2003-09-08,9.377838134765625,9.182560920715332,9.214350700378418,9.309718132019043,24580000.0,5.6863908767700195
2003-09-09,9.445958137512207,9.241598129272461,9.273387908935547,9.291553497314453,23571900.0,5.675294399261475
2003-09-10,9.214350700378418,9.046321868896484,9.178019523620605,9.10990047454834,22485900.0,5.564342975616455
2003-09-11,9.264305114746094,9.037239074707031,9.150772094726562,9.164396286010742,26081500.0,5.597628593444824
2003-09-12,9.146230697631836,9.037239074707031,9.078110694885254,9.118982315063477,13630600.0,5.569887638092041
2003-09-15,9.073569297790527,8.987284660339355,8.996366500854492,9.005449295043945,24235800.0,5.549224853515625
2003-09-16,9.309718132019043,9.014532089233398,9.037239074707031,9.264305114746094,26538000.0,5.708733558654785
2003-09-17,9.418710708618164,9.164396286010742,9.264305114746094,9.246139526367188,26378400.0,5.697541236877441
2003-09-18,9.541326522827148,9.259763717651367,9.264305114746094,9.523160934448242,33728000.0,5.868241786956787
2003-09-19,9.713896751403809,9.495912551879883,9.523160934448242,9.604904174804688,34921000.0,5.918612957000732
2003-09-22,9.477747917175293,9.187102317810059,9.46866512298584,9.218892097473145,25916200.0,5.680749416351318
2003-09-23,9.31425952911377,9.132606506347656,9.30063533782959,9.264305114746094,21517700.0,5.708733558654785
2003-09-24,9.182560920715332,9.041780471801758,9.164396286010742,9.064486503601074,39582000.0,5.585602760314941
2003-09-25,9.064486503601074,8.746594429016113,9.046321868896484,8.746594429016113,35725000.0,5.389718532562256
2003-09-26,8.891916275024414,8.742053031921387,8.787466049194336,8.810173034667969,31327100.0,5.428894996643066
2003-09-29,8.937329292297363,8.746594429016113,8.814713478088379,8.91008186340332,24264700.0,5.490461349487305
2003-09-30,8.91008186340332,8.673933029174805,8.91008186340332,8.792007446289062,28423100.0,5.417699337005615
2003-10-01,9.046321868896484,8.819254875183105,8.819254875183105,8.900999069213867,27099300.0,5.484862804412842
2003-10-02,9.019073486328125,8.828337669372559,8.96911907196045,8.864668846130371,23072700.0,5.462475776672363
2003-10-03,9.405086517333984,9.032697677612305,9.091734886169434,9.218892097473145,34494100.0,5.680749416351318
2003-10-06,9.373296737670898,9.259763717651367,9.309718132019043,9.30063533782959,12950100.0,5.731120586395264
2003-10-07,9.373296737670898,9.150772094726562,9.30063533782959,9.246139526367188,23532900.0,5.697541236877441
2003-10-08,9.355132102966309,9.146230697631836,9.287012100219727,9.196185111999512,33962100.0,5.666757583618164
2003-10-09,9.768392562866211,9.318800926208496,9.318800926208496,9.554949760437012,49400300.0,5.887833118438721
2003-10-10,9.645776748657227,9.495912551879883,9.586739540100098,9.559491157531738,20057100.0,5.890631198883057
2003-10-13,9.718438148498535,9.582198143005371,9.59582233428955,9.645776748657227,16787100.0,5.94379997253418
2003-10-14,9.718438148498535,9.582198143005371,9.677565574645996,9.713896751403809,15572700.0,5.985777378082275
2003-10-15,9.990917205810547,9.754768371582031,9.831971168518066,9.95458698272705,37302100.0,6.134090900421143
2003-10-16,9.922797203063965,9.559491157531738,9.718438148498535,9.659400939941406,34369000.0,5.9521965980529785
2003-10-17,9.791098594665527,9.48682975769043,9.763851165771484,9.514078140258789,25103400.0,5.862645149230957
2003-10-20,9.759309768676758,9.59582233428955,9.59582233428955,9.750226974487305,21038700.0,6.008164405822754
2003-10-21,9.931879997253418,9.763851165771484,9.763851165771484,9.85921859741211,28155600.0,6.075324058532715
2003-10-22,9.750226974487305,9.636693954467773,9.700272560119629,9.663942337036133,17097800.0,5.954995155334473
2003-10-23,9.6412353515625,9.46866512298584,9.564032554626465,9.536785125732422,16515600.0,5.876638889312744
2003-10-24,9.445958137512207,9.173479080200195,9.336966514587402,9.29609489440918,25534600.0,5.728322982788086
2003-10-27,9.604904174804688,9.450499534606934,9.459582328796387,9.536785125732422,24077100.0,5.876638889312744
2003-10-28,9.900091171264648,9.559491157531738,9.645776748657227,9.831971168518066,31787800.0,6.058535575866699
2003-10-29,9.963669776916504,9.741144180297852,9.831971168518066,9.909173011779785,23225300.0,6.106104373931885
2003-10-30,10.154404640197754,9.936421394348145,9.981834411621094,10.02724838256836,33864100.0,6.178864002227783
2003-10-31,10.204360008239746,9.990917205810547,10.01362419128418,10.131698608398438,21933600.0,6.243228912353516
2003-11-03,10.3587646484375,10.127157211303711,10.131698608398438,10.308810234069824,26319600.0,6.352363586425781
2003-11-04,10.481380462646484,10.340599060058594,10.449591636657715,10.435967445373535,30880100.0,6.43071985244751
2003-11-05,10.51317024230957,10.31335163116455,10.431426048278809,10.490463256835938,25999200.0,6.464300155639648
2003-11-06,10.67211627960205,10.376930236816406,10.426884651184082,10.663033485412598,24502300.0,6.570641040802002
2003-11-07,10.76294231414795,10.408719062805176,10.694823265075684,10.445050239562988,24394100.0,6.436315536499023
2003-11-10,10.290644645690918,9.95458698272705,10.104450225830078,9.995458602905273,33143100.0,6.159275531768799
2003-11-11,10.081744194030762,9.868301391601562,9.995458602905273,10.059037208557129,20939600.0,6.1984543800354
2003-11-12,10.131698608398438,9.945504188537598,9.96821117401123,10.113533020019531,19194800.0,6.232035160064697
2003-11-13,10.208901405334473,9.98637580871582,10.036330223083496,10.149864196777344,20924000.0,6.254423141479492
2003-11-14,10.222524642944336,9.96821117401123,10.17257022857666,10.03178882598877,25311300.0,6.181663990020752
2003-11-17,10.01362419128418,9.831971168518066,9.886466979980469,9.990917205810547,15477800.0,6.1564764976501465
2003-11-18,10.113533020019531,9.809264183044434,10.036330223083496,9.831971168518066,19971600.0,6.058535575866699
2003-11-19,10.131698608398438,9.836512565612793,9.836512565612793,10.086285591125488,35031100.0,6.215243816375732
2003-11-20,10.331517219543457,9.80018138885498,10.322434425354004,9.804722785949707,56809300.0,6.041743755340576
2003-11-21,9.895549774169922,9.536785125732422,9.82742977142334,9.663942337036133,33475200.0,5.954995155334473
2003-11-24,9.97275161743164,9.759309768676758,9.786558151245117,9.945504188537598,24220200.0,6.12849235534668
2003-11-25,10.01362419128418,9.772933959960938,9.900091171264648,9.836512565612793,29620800.0,6.0613322257995605
2003-11-26,9.995458602905273,9.809264183044434,9.945504188537598,9.927338600158691,16593100.0,6.117297172546387
2003-11-28,9.995458602905273,9.836512565612793,9.936421394348145,9.872842788696289,13416100.0,6.083718299865723
2003-12-01,10.0,9.845595359802246,9.900091171264648,9.918255805969238,29120700.0,6.111701011657715
2003-12-02,10.263397216796875,9.918255805969238,9.936421394348145,10.195277214050293,34803200.0,6.28240442276001
2003-12-03,10.322434425354004,10.104450225830078,10.240690231323242,10.177111625671387,26322900.0,6.271210193634033
2003-12-04,10.317893028259277,10.149864196777344,10.149864196777344,10.263397216796875,20185500.0,6.324382781982422
2003-12-05,10.163487434387207,9.945504188537598,10.104450225830078,10.040871620178223,24448100.0,6.187260627746582
2003-12-08,10.21798324584961,10.0,10.004541397094727,10.208901405334473,20555200.0,6.290799617767334
2003-12-09,10.408719062805176,9.936421394348145,10.408719062805176,9.97275161743164,35503500.0,6.145284175872803
2003-12-10,10.104450225830078,9.913714408874512,10.059037208557129,9.990917205810547,32853100.0,6.1564764976501465
2003-12-11,10.145322799682617,9.96821117401123,9.990917205810547,10.081744194030762,29659600.0,6.212446689605713
2003-12-12,10.190735816955566,10.077202796936035,10.17257022857666,10.131698608398438,21794200.0,6.243228912353516
2003-12-15,10.263397216796875,9.990917205810547,10.21798324584961,9.995458602905273,22867300.0,6.208295822143555
2003-12-16,10.17257022857666,10.009082794189453,10.108991622924805,10.040871620178223,21724000.0,6.236503601074219
2003-12-17,10.054495811462402,9.945504188537598,10.040871620178223,9.97275161743164,22389400.0,6.194192409515381
2003-12-18,10.108991622924805,10.01362419128418,10.01362419128418,10.095367431640625,23084400.0,6.270350933074951
2003-12-19,10.086285591125488,9.977293014526367,10.004541397094727,10.072661399841309,30989100.0,6.256248474121094
2003-12-22,10.081744194030762,9.98637580871582,10.036330223083496,10.081744194030762,16222500.0,6.261889934539795
2003-12-23,10.308810234069824,10.081744194030762,10.081744194030762,10.290644645690918,23531800.0,6.39163875579834
2003-12-24,10.349681854248047,10.213441848754883,10.295186042785645,10.308810234069824,8226600.0,6.4029221534729
2003-12-26,10.299727439880371,10.177111625671387,10.263397216796875,10.263397216796875,6283400.0,6.374713897705078
2003-12-29,10.422343254089355,10.267938613891602,10.272480010986328,10.413260459899902,17241600.0,6.467799663543701
2003-12-30,10.422343254089355,10.272480010986328,10.272480010986328,10.413260459899902,15390200.0,6.467799663543701
2003-12-31,10.440508842468262,10.354223251342773,10.354223251342773,10.431426048278809,13727200.0,6.479080677032471
2004-01-02,10.563124656677246,10.381471633911133,10.440508842468262,10.517711639404297,20843200.0,6.532672882080078
2004-01-05,10.76294231414795,10.563124656677246,10.613079071044922,10.749319076538086,24475200.0,6.676529884338379
2004-01-06,10.844686508178711,10.626703262329102,10.67211627960205,10.794732093811035,24513700.0,6.70473575592041
2004-01-07,10.840145111083984,10.581289291381836,10.794732093811035,10.608537673950195,40717100.0,6.5890889167785645
2004-01-08,11.239782333374023,10.640326499938965,10.694823265075684,11.212533950805664,48804900.0,6.964236259460449
2004-01-09,11.207992553710938,10.91734790802002,11.10354232788086,10.971843719482422,30494600.0,6.814741611480713
2004-01-12,11.257946968078613,10.976385116577148,10.990009307861328,11.207992553710938,21789600.0,6.961414813995361
2004-01-13,11.235240936279297,10.853769302368164,11.21707534790039,11.017256736755371,23653200.0,6.842948913574219
2004-01-14,11.24432373046875,11.0762939453125,11.135331153869629,11.21707534790039,23173600.0,6.967057228088379
2004-01-15,11.716621398925781,11.339691162109375,11.353315353393555,11.489555358886719,50162800.0,7.1362996101379395
2004-01-16,11.671208381652832,11.471389770507812,11.657584190368652,11.58946418762207,33197100.0,7.19835090637207
2004-01-20,11.671208381652832,11.385104179382324,11.662125587463379,11.385104179382324,21082300.0,7.0714216232299805
2004-01-21,11.507719993591309,11.26248836517334,11.321525573730469,11.46230697631836,24144900.0,7.1193718910217285
2004-01-22,11.707538604736328,11.475931167602539,11.534968376159668,11.57583999633789,26406300.0,7.189889430999756
2004-01-23,11.643959999084473,11.38964557647705,11.60308837890625,11.489555358886719,16484800.0,7.1362996101379395
2004-01-26,11.880108833312988,11.489555358886719,11.489555358886719,11.861943244934082,26362700.0,7.3675923347473145
2004-01-27,11.93460464477539,11.598546981811523,11.793824195861816,11.63487720489502,24774000.0,7.226562023162842
2004-01-28,11.780200004577637,10.91734790802002,11.653042793273926,11.026339530944824,47882400.0,6.848588466644287
2004-01-29,11.235240936279297,10.831062316894531,11.194368362426758,11.026339530944824,44588000.0,6.848588466644287
2004-01-30,10.967302322387695,10.767483711242676,10.921889305114746,10.803814888000488,29653000.0,6.710375785827637
2004-02-02,11.130789756774902,10.726612091064453,10.85831069946289,10.944596290588379,27420100.0,6.797815799713135
2004-02-03,10.944596290588379,10.808356285095215,10.944596290588379,10.85831069946289,20918100.0,6.744223594665527
2004-02-04,10.735694885253906,10.472297668457031,10.722070693969727,10.53133487701416,32646400.0,6.541135311126709
2004-02-05,10.649409294128418,10.417801856994629,10.53133487701416,10.585830688476562,19762200.0,6.574983596801758
2004-02-06,10.803814888000488,10.563124656677246,10.563124656677246,10.799273490905762,23221800.0,6.707555294036865
2004-02-09,10.944596290588379,10.735694885253906,10.853769302368164,10.790190696716309,17663100.0,6.701915264129639
2004-02-10,10.990009307861328,10.785649299621582,10.785649299621582,10.953678131103516,19206700.0,6.803459644317627
2004-02-11,11.353315353393555,10.758401870727539,11.094459533691406,10.826520919799805,50120100.0,6.724480152130127
2004-02-12,10.899182319641113,10.40417766571045,10.899182319641113,10.40417766571045,62592000.0,6.462156295776367
2004-02-13,10.626703262329102,10.445050239562988,10.603996276855469,10.449591636657715,34504800.0,6.490364074707031
2004-02-17,10.708446502685547,10.54495906829834,10.603996276855469,10.622161865234375,21768300.0,6.597549915313721
2004-02-18,10.772025108337402,10.649409294128418,10.735694885253906,10.676657676696777,23229900.0,6.631398677825928
2004-02-19,11.03088092803955,10.812897682189941,10.840145111083984,10.835603713989258,44867200.0,6.73012113571167
2004-02-20,10.835603713989258,10.422343254089355,10.76294231414795,10.504087448120117,47722400.0,6.524211883544922
2004-02-23,10.603996276855469,10.304268836975098,10.603996276855469,10.40417766571045,26862100.0,6.462156295776367
2004-02-24,10.349681854248047,10.108991622924805,10.331517219543457,10.21798324584961,41243000.0,6.346508979797363
2004-02-25,10.390554428100586,10.236148834228516,10.308810234069824,10.331517219543457,28358600.0,6.417026996612549
2004-02-26,10.617620468139648,10.299727439880371,10.331517219543457,10.54495906829834,24485300.0,6.549596786499023
2004-02-27,10.622161865234375,10.240690231323242,10.585830688476562,10.31335163116455,27990500.0,6.405745506286621
2004-03-01,10.472297668457031,10.272480010986328,10.399636268615723,10.445050239562988,20181100.0,6.487545013427734
2004-03-02,10.535876274108887,10.363306045532227,10.535876274108887,10.376930236816406,21054200.0,6.445233345031738
2004-03-03,10.440508842468262,10.249773025512695,10.3587646484375,10.431426048278809,17269100.0,6.479080677032471
2004-03-04,10.426884651184082,10.308810234069824,10.399636268615723,10.367847442626953,15737600.0,6.43958854675293
2004-03-05,10.399636268615723,10.195277214050293,10.277020454406738,10.32697582244873,21262200.0,6.414206504821777
2004-03-08,10.431426048278809,10.281561851501465,10.331517219543457,10.290644645690918,20380100.0,6.39163875579834
2004-03-09,10.32697582244873,10.081744194030762,10.32697582244873,10.145322799682617,26546400.0,6.301379203796387
2004-03-10,10.254314422607422,10.036330223083496,10.063578605651855,10.131698608398438,23978400.0,6.292916774749756
2004-03-11,10.281561851501465,9.995458602905273,10.036330223083496,10.0,29370700.0,6.211117744445801
2004-03-12,10.21798324584961,10.049954414367676,10.17257022857666,10.154404640197754,21095300.0,6.307018756866455
2004-03-15,10.108991622924805,9.809264183044434,10.108991622924805,9.85921859741211,24916900.0,6.172305583953857
2004-03-16,9.96821117401123,9.741144180297852,9.913714408874512,9.895549774169922,22281300.0,6.19504976272583
2004-03-17,10.081744194030762,9.895549774169922,9.900091171264648,10.04541301727295,25312200.0,6.288870334625244
2004-03-18,10.086285591125488,9.909173011779785,9.95458698272705,10.022706985473633,20672300.0,6.274656295776367
2004-03-19,10.090826988220215,9.795639991760254,10.02724838256836,9.822888374328613,22960600.0,6.149560451507568
2004-03-22,9.736602783203125,9.564032554626465,9.636693954467773,9.709355354309082,25480000.0,6.078484535217285
2004-03-23,9.886466979980469,9.713896751403809,9.741144180297852,9.713896751403809,20354100.0,6.08132791519165
2004-03-24,9.945504188537598,9.682106971740723,9.732061386108398,9.818346977233887,18016100.0,6.146717548370361
2004-03-25,10.231607437133789,9.931879997253418,9.945504188537598,10.149864196777344,20488700.0,6.3542633056640625
2004-03-26,10.227066040039062,10.036330223083496,10.090826988220215,10.154404640197754,16709800.0,6.357102394104004
2004-03-29,10.644867897033691,10.413260459899902,10.422343254089355,10.522252082824707,30784800.0,6.5873942375183105
2004-03-30,10.522252082824707,10.336057662963867,10.522252082824707,10.504087448120117,32297100.0,6.576019763946533
2004-03-31,10.495004653930664,10.3587646484375,10.490463256835938,10.37238883972168,38865900.0,6.49357271194458
2004-04-01,10.51317024230957,10.381471633911133,10.422343254089355,10.413260459899902,23039300.0,6.519157409667969
2004-04-02,10.626703262329102,10.422343254089355,10.55858325958252,10.481380462646484,27750000.0,6.56180477142334
2004-04-05,10.785649299621582,10.517711639404297,10.517711639404297,10.735694885253906,21885000.0,6.721017837524414
2004-04-06,10.726612091064453,10.549500465393066,10.67211627960205,10.603996276855469,16955400.0,6.638567924499512
2004-04-07,10.576748847961426,10.258855819702148,10.51317024230957,10.49954605102539,28827700.0,6.573179721832275
2004-04-08,10.626703262329102,10.349681854248047,10.599454879760742,10.38601303100586,19245000.0,6.502100944519043
2004-04-12,10.445050239562988,10.227066040039062,10.38601303100586,10.277020454406738,18382000.0,6.433864593505859
2004-04-13,10.286103248596191,10.063578605651855,10.277020454406738,10.104450225830078,28678800.0,6.325831413269043
2004-04-14,10.081744194030762,9.963669776916504,10.0,9.98637580871582,23001800.0,6.251914024353027
2004-04-15,10.049954414367676,9.836512565612793,10.01362419128418,9.940962791442871,22594900.0,6.223480224609375
2004-04-16,9.990917205810547,9.741144180297852,9.940962791442871,9.990917205810547,28174300.0,6.254755020141602
2004-04-19,9.945504188537598,9.772933959960938,9.913714408874512,9.863759994506836,18637700.0,6.175147533416748
2004-04-20,9.895549774169922,9.604904174804688,9.854677200317383,9.609445571899414,23616800.0,6.015934944152832
2004-04-21,9.713896751403809,9.432333946228027,9.573115348815918,9.682106971740723,30455400.0,6.061424255371094
2004-04-22,9.977293014526367,9.618528366088867,9.67302417755127,9.904632568359375,25293700.0,6.200735569000244
2004-04-23,9.990917205810547,9.636693954467773,9.922797203063965,9.84105396270752,25477100.0,6.1609320640563965
2004-04-26,9.891008377075195,9.709355354309082,9.84105396270752,9.84105396270752,19432200.0,6.1609320640563965
2004-04-27,9.854677200317383,9.636693954467773,9.809264183044434,9.65485954284668,22380200.0,6.04436731338501
2004-04-28,9.59582233428955,9.382379531860352,9.559491157531738,9.400545120239258,26975100.0,5.885154724121094
2004-04-29,9.509536743164062,9.08265209197998,9.464123725891113,9.191643714904785,30234100.0,5.754371166229248
2004-04-30,9.200726509094238,8.937329292297363,9.159854888916016,8.946412086486816,29170100.0,5.600846767425537
2004-05-03,9.105359077453613,8.91008186340332,9.059945106506348,8.9237060546875,29736200.0,5.586632251739502
2004-05-04,9.118982315063477,8.991826057434082,9.019073486328125,9.028156280517578,34942800.0,5.652023792266846
2004-05-05,9.23705768585205,9.037239074707031,9.08265209197998,9.08265209197998,27580000.0,5.686143398284912
2004-05-06,9.078110694885254,8.96911907196045,8.987284660339355,8.982743263244629,29203300.0,5.623593330383301
2004-05-07,9.191643714904785,8.973660469055176,8.991826057434082,9.08265209197998,36548500.0,5.686143398284912
2004-05-10,9.055403709411621,8.878292083740234,9.014532089233398,9.046321868896484,31115300.0,5.663395404815674
2004-05-11,9.182560920715332,9.037239074707031,9.105359077453613,9.132606506347656,24761400.0,5.717413902282715
2004-05-12,9.164396286010742,8.96911907196045,9.014532089233398,9.132606506347656,24265100.0,5.717413902282715
2004-05-13,9.287012100219727,9.019073486328125,9.046321868896484,9.09627628326416,23841900.0,5.694669246673584
2004-05-14,9.091734886169434,8.855586051940918,9.078110694885254,8.905540466308594,33484200.0,5.575259208679199
2004-05-17,8.946412086486816,8.72388744354248,8.75567626953125,8.855586051940918,19353100.0,5.543987274169922
2004-05-18,9.073569297790527,8.900999069213867,8.94187068939209,9.005449295043945,21494600.0,5.6378068923950195
2004-05-19,9.691189765930176,9.332425117492676,9.62761116027832,9.332425117492676,72405000.0,5.8425092697143555
2004-05-20,9.50045394897461,9.355132102966309,9.391462326049805,9.414169311523438,22668400.0,5.893683910369873
2004-05-21,9.532243728637695,9.346049308776855,9.48682975769043,9.45504093170166,19421800.0,5.919272422790527
2004-05-24,9.532243728637695,9.318800926208496,9.491371154785156,9.418710708618164,21780400.0,5.896524906158447
2004-05-25,9.568573951721191,9.350590705871582,9.436875343322754,9.545866966247559,17923100.0,5.976133823394775
2004-05-26,9.682106971740723,9.514078140258789,9.536785125732422,9.650318145751953,15496500.0,6.041524410247803
2004-05-27,9.763851165771484,9.559491157531738,9.750226974487305,9.600363731384277,17194000.0,6.010251045227051
2004-05-28,9.718438148498535,9.573115348815918,9.695731163024902,9.645776748657227,21682200.0,6.0386810302734375
2004-06-01,9.67302417755127,9.564032554626465,9.645776748657227,9.61398696899414,22025900.0,6.018779754638672
2004-06-02,9.695731163024902,9.573115348815918,9.636693954467773,9.677565574645996,14787900.0,6.058582782745361
2004-06-03,9.663942337036133,9.559491157531738,9.59582233428955,9.591280937194824,14530700.0,6.004563808441162
2004-06-04,9.727519989013672,9.609445571899414,9.61398696899414,9.65485954284668,19243700.0,6.04436731338501
2004-06-07,9.850135803222656,9.722979545593262,9.750226974487305,9.836512565612793,17911200.0,6.158088684082031
2004-06-08,9.990917205810547,9.759309768676758,9.763851165771484,9.990917205810547,23507000.0,6.254755020141602
2004-06-09,10.072661399841309,9.909173011779785,9.990917205810547,9.95458698272705,31982200.0,6.232008934020996
2004-06-10,9.96821117401123,9.768392562866211,9.95458698272705,9.877384185791016,18417000.0,6.183678150177002
2004-06-14,9.877384185791016,9.718438148498535,9.718438148498535,9.804722785949707,19630600.0,6.188309192657471
2004-06-15,9.990917205810547,9.777475357055664,9.850135803222656,9.854677200317383,15778200.0,6.2198381423950195
2004-06-16,9.818346977233887,9.727519989013672,9.818346977233887,9.763851165771484,16747300.0,6.162513256072998
2004-06-17,9.713896751403809,9.473206520080566,9.67302417755127,9.577656745910645,20403700.0,6.0449957847595215
2004-06-18,9.554949760437012,9.405086517333984,9.536785125732422,9.50045394897461,21368600.0,5.996265411376953
2004-06-21,9.554949760437012,9.436875343322754,9.464123725891113,9.44141674041748,21394400.0,5.959005832672119
2004-06-22,9.523160934448242,9.418710708618164,9.423251152038574,9.48682975769043,20582300.0,5.987667083740234
2004-06-23,9.659400939941406,9.391462326049805,9.464123725891113,9.59582233428955,24520500.0,6.056458950042725
2004-06-24,9.663942337036133,9.518619537353516,9.577656745910645,9.545866966247559,23451900.0,6.024928569793701
2004-06-25,9.591280937194824,9.409627914428711,9.518619537353516,9.450499534606934,24245100.0,5.9647393226623535
2004-06-28,9.650318145751953,9.482288360595703,9.482288360595703,9.527702331542969,24496800.0,6.013465881347656
2004-06-29,9.604904174804688,9.491371154785156,9.50045394897461,9.582198143005371,17808400.0,6.047860145568848
2004-06-30,9.62761116027832,9.509536743164062,9.514078140258789,9.582198143005371,18590600.0,6.047860145568848
2004-07-01,9.473206520080566,9.241598129272461,9.46866512298584,9.346049308776855,24226800.0,5.898811340332031
2004-07-02,9.355132102966309,9.182560920715332,9.346049308776855,9.26884651184082,13257500.0,5.850086688995361
2004-07-06,9.196185111999512,9.046321868896484,9.173479080200195,9.100817680358887,21305000.0,5.744034290313721
2004-07-07,9.346049308776855,9.08265209197998,9.087193489074707,9.200726509094238,19229400.0,5.807094097137451
2004-07-08,9.218892097473145,9.046321868896484,9.12806510925293,9.078110694885254,15573800.0,5.729703903198242
2004-07-09,9.196185111999512,9.091734886169434,9.105359077453613,9.14168930053711,17052700.0,5.76983118057251
2004-07-12,9.164396286010742,9.059945106506348,9.08265209197998,9.132606506347656,16195700.0,5.764098167419434
2004-07-13,9.305176734924316,9.159854888916016,9.178019523620605,9.196185111999512,14001100.0,5.804225444793701
2004-07-14,9.105359077453613,8.978201866149902,9.059945106506348,9.037239074707031,25288800.0,5.703906536102295
2004-07-15,9.087193489074707,8.869210243225098,9.019073486328125,8.9237060546875,24262900.0,5.632252216339111
2004-07-16,9.064486503601074,8.891916275024414,8.95549488067627,8.919164657592773,18078100.0,5.629382133483887
2004-07-19,9.041780471801758,8.841961860656738,8.855586051940918,8.96911907196045,17398400.0,5.660912990570068
2004-07-20,9.196185111999512,8.9237060546875,8.937329292297363,9.08265209197998,18476900.0,5.732570648193359
2004-07-21,9.187102317810059,8.932788848876953,9.187102317810059,8.94187068939209,16546700.0,5.643714904785156
2004-07-22,9.08265209197998,8.860127449035645,8.860127449035645,9.064486503601074,16076500.0,5.721103191375732
2004-07-23,9.0690279006958,8.869210243225098,9.0690279006958,8.891916275024414,14214700.0,5.612185478210449
2004-07-26,8.991826057434082,8.828337669372559,8.89645767211914,8.960036277770996,16246700.0,5.655179977416992
2004-07-27,9.132606506347656,8.919164657592773,8.95549488067627,9.08265209197998,16158900.0,5.732570648193359
2004-07-28,9.078110694885254,8.864668846130371,8.973660469055176,9.050863265991211,14234300.0,5.712507724761963
2004-07-29,9.26884651184082,9.12806510925293,9.164396286010742,9.178019523620605,15395200.0,5.792760372161865
2004-07-30,9.246139526367188,9.08265209197998,9.182560920715332,9.150772094726562,15434400.0,5.775564193725586
2004-08-02,9.25522232055664,8.96911907196045,8.96911907196045,9.250680923461914,15768300.0,5.838623046875
2004-08-03,9.232516288757324,9.155313491821289,9.214350700378418,9.196185111999512,16355500.0,5.804225444793701
2004-08-04,9.332425117492676,9.123523712158203,9.12806510925293,9.282470703125,15386400.0,5.858686923980713
2004-08-05,9.386920928955078,9.264305114746094,9.31425952911377,9.309718132019043,20577200.0,5.87588357925415
2004-08-06,9.205267906188965,8.978201866149902,9.205267906188965,9.037239074707031,19982200.0,5.703906536102295
2004-08-09,9.12806510925293,8.991826057434082,8.996366500854492,9.028156280517578,13210600.0,5.69817590713501
2004-08-10,9.173479080200195,9.000907897949219,9.100817680358887,9.059945106506348,14707500.0,5.718236446380615
2004-08-11,9.055403709411621,8.692097663879395,9.055403709411621,8.864668846130371,23939900.0,5.594987869262695
2004-08-12,7.770208835601807,7.302452087402344,7.770208835601807,7.697547912597656,178324300.0,4.8583526611328125
2004-08-13,7.69300651550293,7.438692092895508,7.688465118408203,7.49318790435791,60167200.0,4.729371070861816
2004-08-16,7.67938232421875,7.497729301452637,7.50681209564209,7.674840927124023,40570000.0,4.844021320343018
2004-08-17,7.7429609298706055,7.633969306945801,7.674840927124023,7.674840927124023,30986100.0,4.844021320343018
2004-08-18,8.088101387023926,7.5976386070251465,7.5976386070251465,7.960944652557373,37767800.0,5.024598121643066
2004-08-19,8.124432563781738,7.947320461273193,7.95186185836792,8.042688369750977,29284800.0,5.076189994812012
2004-08-20,8.242506980895996,8.03814697265625,8.042688369750977,8.22434139251709,30150000.0,5.190840244293213
2004-08-23,8.256131172180176,8.03814697265625,8.03814697265625,8.119891166687012,21236300.0,5.1249165534973145
2004-08-24,8.19255256652832,7.9745683670043945,8.119891166687012,8.029064178466797,27089000.0,5.067590236663818
2004-08-25,8.274295806884766,8.03814697265625,8.056312561035156,8.219799995422363,24413100.0,5.1879730224609375
2004-08-26,8.310626983642578,8.206175804138184,8.206175804138184,8.260672569274902,15746000.0,5.213771343231201
2004-08-27,8.328791618347168,8.260672569274902,8.260672569274902,8.292461395263672,13624400.0,5.233835697174072
2004-08-30,8.292461395263672,8.124432563781738,8.228882789611816,8.138056755065918,18984900.0,5.13638162612915
2004-08-31,8.147138595581055,8.019981384277344,8.115349769592285,8.124432563781738,15743800.0,5.12778377532959
2004-09-01,8.160762786865234,8.060853958129883,8.106266975402832,8.138056755065918,17855300.0,5.13638162612915
2004-09-02,8.19255256652832,8.0835599899292,8.115349769592285,8.183469772338867,13442700.0,5.16504430770874
2004-09-03,8.0835599899292,7.983651161193848,8.060853958129883,8.03814697265625,27929500.0,5.0733256340026855
2004-09-07,8.17892837524414,8.0835599899292,8.0835599899292,8.169845581054688,18418800.0,5.15644645690918
2004-09-08,8.188011169433594,8.088101387023926,8.088101387023926,8.147138595581055,23315400.0,5.142113208770752
2004-09-09,8.328791618347168,8.128973960876465,8.142597198486328,8.228882789611816,20783500.0,5.19370698928833
2004-09-10,8.383288383483887,8.228882789611816,8.228882789611816,8.306085586547852,16162400.0,5.242434501647949
2004-09-13,8.510444641113281,8.315168380737305,8.337874412536621,8.451407432556152,20575900.0,5.386031150817871
2004-09-14,8.42416000366211,8.356040000915527,8.383288383483887,8.356040000915527,22020600.0,5.325253963470459
2004-09-15,8.374205589294434,8.228882789611816,8.360581398010254,8.301544189453125,21508900.0,5.290524482727051
2004-09-16,8.337874412536621,8.265213012695312,8.269754409790039,8.274295806884766,14868100.0,5.273159980773926
2004-09-17,8.310626983642578,8.197093963623047,8.292461395263672,8.22434139251709,27237800.0,5.2413225173950195
2004-09-20,8.487738609313965,8.23796558380127,8.23796558380127,8.360581398010254,24061400.0,5.328149318695068
2004-09-21,8.524068832397461,8.415077209472656,8.42416000366211,8.492280006408691,19715800.0,5.412078380584717
2004-09-22,8.533151626586914,8.446866035461426,8.455948829650879,8.455948829650879,21188700.0,5.388925075531006
2004-09-23,8.619437217712402,8.465031623840332,8.465031623840332,8.555858612060547,19927800.0,5.4525980949401855
2004-09-24,8.59673023223877,8.415077209472656,8.555858612060547,8.437784194946289,25388800.0,5.377347946166992
2004-09-27,8.442325592041016,8.287919998168945,8.333333015441895,8.356040000915527,21960700.0,5.325253963470459
2004-09-28,8.383288383483887,8.21071720123291,8.337874412536621,8.283378601074219,20059100.0,5.278947830200195
2004-09-29,8.41053581237793,8.22434139251709,8.283378601074219,8.41053581237793,18757700.0,5.359983921051025
2004-09-30,8.628519058227539,8.401453018188477,8.41053581237793,8.514986038208008,24156300.0,5.426549911499023
2004-10-01,8.773841857910156,8.56494140625,8.56494140625,8.683015823364258,18845300.0,5.533633232116699
2004-10-04,8.832879066467285,8.633060455322266,8.683015823364258,8.655767440795898,21491200.0,5.516268730163574
2004-10-05,8.633060455322266,8.460490226745605,8.483197212219238,8.619437217712402,23823400.0,5.493114471435547
2004-10-06,8.714804649353027,8.555858612060547,8.58310604095459,8.7102632522583,15036700.0,5.550999164581299
2004-10-07,8.696639060974121,8.56948184967041,8.628519058227539,8.642143249511719,17612000.0,5.5075860023498535
2004-10-08,8.628519058227539,8.346957206726074,8.59673023223877,8.428701400756836,19524400.0,5.3715596199035645
2004-10-11,8.505904197692871,8.346957206726074,8.392370223999023,8.465031623840332,11291800.0,5.394712924957275
2004-10-12,8.487738609313965,8.265213012695312,8.37874698638916,8.415077209472656,18677100.0,5.362878322601318
2004-10-13,8.623978614807129,8.469573020935059,8.514986038208008,8.58310604095459,24834500.0,5.469962120056152
2004-10-14,8.514986038208008,8.269754409790039,8.360581398010254,8.346957206726074,26052900.0,5.319465637207031
2004-10-15,8.415077209472656,8.265213012695312,8.346957206726074,8.269754409790039,22021900.0,5.270265102386475
2004-10-18,8.324250221252441,8.197093963623047,8.265213012695312,8.287919998168945,26480300.0,5.2818427085876465
2004-10-19,8.39691162109375,8.265213012695312,8.315168380737305,8.283378601074219,22189700.0,5.278947830200195
2004-10-20,8.292461395263672,8.160762786865234,8.219799995422363,8.278837203979492,21393000.0,5.276054382324219
2004-10-21,8.39691162109375,8.233424186706543,8.260672569274902,8.337874412536621,16564100.0,5.313675880432129
2004-10-22,8.337874412536621,8.142597198486328,8.278837203979492,8.147138595581055,17749200.0,5.192123889923096
2004-10-25,8.19255256652832,8.029064178466797,8.03814697265625,8.133515357971191,15702200.0,5.183440208435059
2004-10-26,8.215258598327637,7.988192558288574,8.174386978149414,8.110808372497559,28635600.0,5.168970108032227
2004-10-27,8.428701400756836,8.115349769592285,8.128973960876465,8.37874698638916,25723900.0,5.339725971221924
2004-10-28,8.428701400756836,8.301544189453125,8.310626983642578,8.39691162109375,17538000.0,5.351302146911621
2004-10-29,8.483197212219238,8.315168380737305,8.315168380737305,8.474114418029785,23023600.0,5.400502681732178
2004-11-01,8.587647438049316,8.401453018188477,8.433242797851562,8.519527435302734,19001200.0,5.429445266723633
2004-11-02,8.76930046081543,8.428701400756836,8.524068832397461,8.628519058227539,21153700.0,5.498903274536133
2004-11-03,8.846503257751465,8.61035442352295,8.801090240478516,8.628519058227539,22749000.0,5.498903274536133
2004-11-04,8.89645767211914,8.605813026428223,8.628519058227539,8.869210243225098,20218100.0,5.652293682098389
2004-11-05,9.064486503601074,8.91008186340332,8.978201866149902,8.94187068939209,23002000.0,5.6986002922058105
2004-11-08,9.041780471801758,8.900999069213867,8.900999069213867,8.996366500854492,17762600.0,5.733330249786377
2004-11-09,9.08265209197998,8.946412086486816,9.019073486328125,8.946412086486816,20612000.0,5.7014970779418945
2004-11-10,8.891916275024414,8.59673023223877,8.864668846130371,8.614895820617676,35397500.0,5.4902191162109375
2004-11-11,8.851044654846191,8.560400009155273,8.587647438049316,8.742053031921387,26767200.0,5.571258068084717
2004-11-12,8.832879066467285,8.628519058227539,8.746594429016113,8.78292465209961,33192700.0,5.597303867340088
2004-11-15,8.855586051940918,8.742053031921387,8.764759063720703,8.819254875183105,27909400.0,5.620457649230957
2004-11-16,8.991826057434082,8.7102632522583,8.787466049194336,8.937329292297363,36841600.0,5.695706367492676
2004-11-17,9.682106971740723,9.091734886169434,9.65485954284668,9.173479080200195,85922200.0,5.8462018966674805
2004-11-18,9.250680923461914,9.114441871643066,9.168937683105469,9.200726509094238,27222200.0,5.863569259643555
2004-11-19,9.23705768585205,9.118982315063477,9.196185111999512,9.118982315063477,22690500.0,5.811473369598389
2004-11-22,9.187102317810059,9.059945106506348,9.087193489074707,9.173479080200195,22079000.0,5.8462018966674805
2004-11-23,9.196185111999512,9.078110694885254,9.132606506347656,9.155313491821289,17963000.0,5.834627151489258
2004-11-24,9.196185111999512,9.09627628326416,9.14168930053711,9.146230697631836,12820400.0,5.828838348388672
2004-11-26,9.159854888916016,9.114441871643066,9.114441871643066,9.159854888916016,5252800.0,5.837521076202393
2004-11-29,9.196185111999512,9.032697677612305,9.137147903442383,9.12806510925293,17941200.0,5.817261219024658
2004-11-30,9.114441871643066,9.028156280517578,9.073569297790527,9.08265209197998,17202900.0,5.788320541381836
2004-12-01,9.323342323303223,9.08265209197998,9.123523712158203,9.318800926208496,21633700.0,5.938815116882324
2004-12-02,9.400545120239258,9.25522232055664,9.264305114746094,9.341507911682129,17192900.0,5.953287124633789
2004-12-03,9.541326522827148,9.409627914428711,9.4277925491333,9.532243728637695,30396600.0,6.074843406677246
2004-12-06,9.745685577392578,9.4277925491333,9.464123725891113,9.68664836883545,27499800.0,6.173243045806885
2004-12-07,9.80018138885498,9.550408363342285,9.62761116027832,9.573115348815918,27926200.0,6.100890636444092
2004-12-08,9.62761116027832,9.509536743164062,9.609445571899414,9.545866966247559,23484300.0,6.083524703979492
2004-12-09,9.62761116027832,9.273387908935547,9.62761116027832,9.477747917175293,25518000.0,6.040111541748047
2004-12-10,9.550408363342285,9.309718132019043,9.50045394897461,9.450499534606934,17355900.0,6.022747039794922
2004-12-13,9.504995346069336,9.23705768585205,9.482288360595703,9.400545120239258,16194600.0,6.042059898376465
2004-12-14,9.445958137512207,9.332425117492676,9.423251152038574,9.355132102966309,16975600.0,6.012867450714111
2004-12-15,9.414169311523438,9.309718132019043,9.323342323303223,9.405086517333984,24322400.0,6.044978618621826
2004-12-16,9.564032554626465,9.323342323303223,9.336966514587402,9.559491157531738,27887200.0,6.144218921661377
2004-12-17,9.577656745910645,9.436875343322754,9.559491157531738,9.518619537353516,34528000.0,6.117948055267334
2004-12-20,9.61398696899414,9.495912551879883,9.518619537353516,9.527702331542969,16230200.0,6.123785495758057
2004-12-21,9.645776748657227,9.523160934448242,9.527702331542969,9.632152557373047,19343600.0,6.190919876098633
2004-12-22,9.645776748657227,9.536785125732422,9.61398696899414,9.632152557373047,14901100.0,6.190919876098633
2004-12-23,9.636693954467773,9.536785125732422,9.591280937194824,9.564032554626465,9432400.0,6.147136211395264
2004-12-27,9.632152557373047,9.450499534606934,9.495912551879883,9.577656745910645,13751400.0,6.1558942794799805
2004-12-28,9.650318145751953,9.504995346069336,9.554949760437012,9.6412353515625,12162500.0,6.196756362915039
2004-12-29,9.65485954284668,9.554949760437012,9.577656745910645,9.62761116027832,12202600.0,6.187999725341797
2004-12-30,9.636693954467773,9.582198143005371,9.600363731384277,9.59582233428955,9024600.0,6.167566299438477
2004-12-31,9.62761116027832,9.504995346069336,9.59582233428955,9.523160934448242,11881500.0,6.12086820602417
2005-01-03,9.650318145751953,9.532243728637695,9.591280937194824,9.559491157531738,18188700.0,6.144218921661377
2005-01-04,9.609445571899414,9.346049308776855,9.559491157531738,9.495912551879883,20448400.0,6.103353977203369
2005-01-05,9.604904174804688,9.450499534606934,9.46866512298584,9.536785125732422,25067700.0,6.129626274108887
2005-01-06,9.609445571899414,9.45504093170166,9.554949760437012,9.518619537353516,19883600.0,6.117948055267334
2005-01-07,9.536785125732422,9.432333946228027,9.514078140258789,9.464123725891113,30230800.0,6.082924842834473
2005-01-10,9.473206520080566,9.350590705871582,9.396003723144531,9.450499534606934,18342400.0,6.074164867401123
2005-01-11,9.223433494567871,8.855586051940918,9.218892097473145,9.105359077453613,46168000.0,5.852333068847656
2005-01-12,9.150772094726562,8.914623260498047,9.105359077453613,9.100817680358887,27833500.0,5.84941291809082
2005-01-13,9.214350700378418,9.041780471801758,9.10990047454834,9.059945106506348,21799100.0,5.823140621185303
2005-01-14,9.14168930053711,8.987284660339355,9.050863265991211,9.114441871643066,21118200.0,5.858169078826904
2005-01-18,9.341507911682129,9.0690279006958,9.09627628326416,9.277929306030273,31857800.0,5.963249206542969
2005-01-19,9.305176734924316,9.196185111999512,9.277929306030273,9.209809303283691,18587000.0,5.919466495513916
2005-01-20,9.223433494567871,9.041780471801758,9.046321868896484,9.091734886169434,19998500.0,5.843574047088623
2005-01-21,9.173479080200195,9.050863265991211,9.050863265991211,9.078110694885254,24270000.0,5.834819793701172
2005-01-24,9.168937683105469,9.005449295043945,9.059945106506348,9.032697677612305,24905200.0,5.805629253387451
2005-01-25,9.073569297790527,8.914623260498047,9.059945106506348,8.928247451782227,25210900.0,5.738497257232666
2005-01-26,8.996366500854492,8.851044654846191,8.94187068939209,8.89645767211914,26468200.0,5.718062877655029
2005-01-27,8.950953483581543,8.751134872436523,8.891916275024414,8.851044654846191,23593300.0,5.688875198364258
2005-01-28,8.846503257751465,8.578564643859863,8.810173034667969,8.78292465209961,40191700.0,5.645092487335205
2005-01-31,8.978201866149902,8.814713478088379,8.819254875183105,8.89645767211914,20895400.0,5.718062877655029
2005-02-01,9.146230697631836,8.932788848876953,8.946412086486816,9.000907897949219,20330600.0,5.7851996421813965
2005-02-02,9.005449295043945,8.882833480834961,8.987284660339355,8.887374877929688,17305900.0,5.712226390838623
2005-02-03,9.218892097473145,8.946412086486816,8.96911907196045,9.037239074707031,20923100.0,5.8085479736328125
2005-02-04,9.31425952911377,8.996366500854492,9.000907897949219,9.287012100219727,20447100.0,5.969086647033691
2005-02-07,9.318800926208496,9.218892097473145,9.287012100219727,9.250680923461914,12264400.0,5.945735454559326
2005-02-08,9.282470703125,9.137147903442383,9.227974891662598,9.146230697631836,17948700.0,5.878602027893066
2005-02-09,10.108991622924805,9.545866966247559,10.036330223083496,9.777475357055664,224995900.0,6.284323215484619
2005-02-10,9.78201675415039,9.554949760437012,9.62761116027832,9.754768371582031,57506900.0,6.2697296142578125
2005-02-11,9.763851165771484,9.62761116027832,9.650318145751953,9.67302417755127,37891100.0,6.217189788818359
2005-02-14,9.582198143005371,9.332425117492676,9.514078140258789,9.432333946228027,41418200.0,6.062490463256836
2005-02-15,9.609445571899414,9.377838134765625,9.391462326049805,9.591280937194824,35657800.0,6.164650917053223
2005-02-16,9.650318145751953,9.459582328796387,9.491371154785156,9.564032554626465,38110800.0,6.147136211395264
2005-02-17,9.754768371582031,9.445958137512207,9.61398696899414,9.473206520080566,50631000.0,6.088758945465088
2005-02-18,9.632152557373047,9.4277925491333,9.477747917175293,9.536785125732422,20896500.0,6.129626274108887
2005-02-22,9.586739540100098,9.341507911682129,9.423251152038574,9.341507911682129,21491500.0,6.004110813140869
2005-02-23,9.355132102966309,9.191643714904785,9.336966514587402,9.246139526367188,22046200.0,5.942816257476807
2005-02-24,9.336966514587402,9.037239074707031,9.150772094726562,9.282470703125,26208800.0,5.966167449951172
2005-02-25,9.418710708618164,9.200726509094238,9.205267906188965,9.382379531860352,15645400.0,6.030383110046387
2005-02-28,9.482288360595703,9.287012100219727,9.287012100219727,9.445958137512207,19906300.0,6.071244239807129
2005-03-01,9.445958137512207,9.241598129272461,9.423251152038574,9.409627914428711,19472900.0,6.0478949546813965
2005-03-02,9.464123725891113,9.227974891662598,9.264305114746094,9.400545120239258,15733500.0,6.042059898376465
2005-03-03,9.491371154785156,9.332425117492676,9.382379531860352,9.450499534606934,17119200.0,6.074164867401123
2005-03-04,9.509536743164062,9.32788372039795,9.491371154785156,9.336966514587402,24593400.0,6.001194953918457
2005-03-07,9.545866966247559,9.309718132019043,9.31425952911377,9.477747917175293,30046700.0,6.091681003570557
2005-03-08,9.518619537353516,9.418710708618164,9.436875343322754,9.50045394897461,17929500.0,6.106272220611572
2005-03-09,9.554949760437012,9.305176734924316,9.445958137512207,9.373296737670898,21827700.0,6.0245442390441895
2005-03-10,9.377838134765625,9.209809303283691,9.350590705871582,9.350590705871582,15334000.0,6.009951591491699
2005-03-11,9.377838134765625,9.014532089233398,9.318800926208496,9.055403709411621,31485500.0,5.820223331451416
2005-03-14,9.214350700378418,9.078110694885254,9.105359077453613,9.173479080200195,19928500.0,5.948668479919434
2005-03-15,9.232516288757324,9.041780471801758,9.182560920715332,9.146230697631836,19027900.0,5.930998802185059
2005-03-16,9.200726509094238,9.037239074707031,9.08265209197998,9.182560920715332,25497600.0,5.954556941986084
2005-03-17,9.309718132019043,9.137147903442383,9.150772094726562,9.25522232055664,21591000.0,6.001674652099609
2005-03-18,9.259763717651367,9.114441871643066,9.25522232055664,9.12806510925293,43132500.0,5.9192214012146
2005-03-21,9.209809303283691,9.09627628326416,9.105359077453613,9.150772094726562,21861200.0,5.933942794799805
2005-03-22,9.214350700378418,9.055403709411621,9.150772094726562,9.087193489074707,21641000.0,5.892716407775879
2005-03-23,9.037239074707031,8.887374877929688,8.96911907196045,8.973660469055176,28018200.0,5.819092273712158
2005-03-24,9.087193489074707,8.937329292297363,8.960036277770996,8.996366500854492,14129700.0,5.833818435668945
2005-03-28,9.0690279006958,8.900999069213867,9.000907897949219,8.987284660339355,16951800.0,5.827929496765137
2005-03-29,9.922797203063965,8.973660469055176,8.987284660339355,9.891008377075195,99364800.0,6.413961410522461
2005-03-30,10.054495811462402,9.663942337036133,9.763851165771484,9.990917205810547,98579500.0,6.4787468910217285
2005-03-31,10.009082794189453,9.895549774169922,9.96821117401123,9.963669776916504,44812200.0,6.4610772132873535
2005-04-01,10.009082794189453,9.727519989013672,9.96821117401123,9.85921859741211,36033000.0,6.393344879150391
2005-04-04,9.95458698272705,9.786558151245117,9.85921859741211,9.950045585632324,34235300.0,6.452244281768799
2005-04-05,10.040871620178223,9.786558151245117,9.922797203063965,9.791098594665527,27712800.0,6.349171161651611
2005-04-06,9.977293014526367,9.791098594665527,9.850135803222656,9.886466979980469,22564900.0,6.411017894744873
2005-04-07,9.963669776916504,9.791098594665527,9.886466979980469,9.900091171264648,16299200.0,6.419848442077637
2005-04-08,9.940962791442871,9.81380558013916,9.877384185791016,9.82742977142334,14928200.0,6.372731685638428
2005-04-11,9.904632568359375,9.754768371582031,9.831971168518066,9.795639991760254,15704400.0,6.352115154266357
2005-04-12,9.900091171264648,9.700272560119629,9.741144180297852,9.85921859741211,15552900.0,6.393344879150391
2005-04-13,10.018165588378906,9.78201675415039,9.786558151245117,9.96821117401123,27768700.0,6.464023113250732
2005-04-14,9.931879997253418,9.836512565612793,9.931879997253418,9.877384185791016,31113800.0,6.405126571655273
2005-04-15,9.768392562866211,9.4277925491333,9.763851165771484,9.464123725891113,44482100.0,6.137138843536377
2005-04-18,9.436875343322754,9.168937683105469,9.377838134765625,9.282470703125,36416200.0,6.019345283508301
2005-04-19,9.4277925491333,9.282470703125,9.282470703125,9.377838134765625,19168100.0,6.0811872482299805
2005-04-20,9.432333946228027,9.323342323303223,9.332425117492676,9.350590705871582,18677300.0,6.06351900100708
2005-04-21,9.6412353515625,9.377838134765625,9.400545120239258,9.573115348815918,22909300.0,6.207817554473877
2005-04-22,9.577656745910645,9.377838134765625,9.514078140258789,9.436875343322754,22325400.0,6.119472503662109
2005-04-25,9.591280937194824,9.495912551879883,9.536785125732422,9.582198143005371,13594400.0,6.213707447052002
2005-04-26,9.377838134765625,9.196185111999512,9.377838134765625,9.29609489440918,35536500.0,6.028182506561279
2005-04-27,9.209809303283691,9.055403709411621,9.196185111999512,9.159854888916016,39184500.0,5.939833164215088
2005-04-28,9.282470703125,8.996366500854492,9.059945106506348,9.218892097473145,32095600.0,5.978116512298584
2005-04-29,9.341507911682129,9.191643714904785,9.218892097473145,9.29609489440918,26060800.0,6.028182506561279
2005-05-02,9.536785125732422,9.332425117492676,9.341507911682129,9.523160934448242,27362900.0,6.175424098968506
2005-05-03,9.659400939941406,9.450499534606934,9.523160934448242,9.536785125732422,19850100.0,6.184259414672852
2005-05-04,9.604904174804688,9.432333946228027,9.536785125732422,9.550408363342285,19107400.0,6.193093776702881
2005-05-05,9.568573951721191,9.396003723144531,9.527702331542969,9.504995346069336,14968300.0,6.163645267486572
2005-05-06,9.577656745910645,9.45504093170166,9.514078140258789,9.527702331542969,14363800.0,6.17836856842041
2005-05-09,9.445958137512207,9.277929306030273,9.287012100219727,9.418710708618164,19951600.0,6.107692718505859
2005-05-10,9.350590705871582,9.218892097473145,9.309718132019043,9.287012100219727,20316500.0,6.022290229797363
2005-05-11,9.336966514587402,9.187102317810059,9.30063533782959,9.336966514587402,19020600.0,6.05468225479126
2005-05-12,9.32788372039795,9.150772094726562,9.287012100219727,9.150772094726562,21066900.0,5.933942794799805
2005-05-13,9.423251152038574,9.137147903442383,9.200726509094238,9.364213943481445,28310200.0,6.072351932525635
2005-05-16,9.559491157531738,9.277929306030273,9.336966514587402,9.541326522827148,20878000.0,6.1872029304504395
2005-05-17,9.786558151245117,9.423251152038574,9.436875343322754,9.786558151245117,35369400.0,6.346227169036865
2005-05-18,10.3587646484375,9.922797203063965,10.03178882598877,10.240690231323242,75390700.0,6.640716075897217
2005-05-19,10.240690231323242,10.095367431640625,10.149864196777344,10.222524642944336,28148300.0,6.628936290740967
2005-05-20,10.331517219543457,10.190735816955566,10.21798324584961,10.21798324584961,22933100.0,6.625990867614746
2005-05-23,10.322434425354004,10.177111625671387,10.177111625671387,10.240690231323242,23431000.0,6.640716075897217
2005-05-24,10.322434425354004,10.149864196777344,10.181653022766113,10.317893028259277,15814300.0,6.69077730178833
2005-05-25,10.367847442626953,10.204360008239746,10.222524642944336,10.363306045532227,19181800.0,6.720229148864746
2005-05-26,10.55858325958252,10.340599060058594,10.363306045532227,10.445050239562988,26846700.0,6.773235321044922
2005-05-27,10.417801856994629,10.308810234069824,10.354223251342773,10.340599060058594,12268400.0,6.705504894256592
2005-05-31,10.272480010986328,10.19981861114502,10.240690231323242,10.222524642944336,24547800.0,6.628936290740967
2005-06-01,10.349681854248047,10.195277214050293,10.195277214050293,10.299727439880371,18204500.0,6.678997993469238
2005-06-02,10.31335163116455,10.195277214050293,10.231607437133789,10.299727439880371,15305200.0,6.678997993469238
2005-06-03,10.340599060058594,10.222524642944336,10.240690231323242,10.317893028259277,15092500.0,6.69077730178833
2005-06-06,10.422343254089355,10.21798324584961,10.322434425354004,10.254314422607422,12606800.0,6.649552345275879
2005-06-07,10.34514045715332,10.21798324584961,10.231607437133789,10.222524642944336,11719200.0,6.628936290740967
2005-06-08,10.281561851501465,10.168028831481934,10.263397216796875,10.18619441986084,13070400.0,6.6053786277771
2005-06-09,10.417801856994629,10.163487434387207,10.168028831481934,10.336057662963867,17898200.0,6.7025580406188965
2005-06-10,10.67211627960205,10.376930236816406,10.435967445373535,10.67211627960205,29315600.0,6.920477867126465
2005-06-13,10.853769302368164,10.55858325958252,10.581289291381836,10.849227905273438,42080600.0,7.088467121124268
2005-06-14,10.844686508178711,10.740236282348633,10.799273490905762,10.831062316894531,22104300.0,7.076597690582275
2005-06-15,10.90372371673584,10.599454879760742,10.785649299621582,10.844686508178711,23847800.0,7.085501194000244
2005-06-16,10.899182319641113,10.753860473632812,10.76294231414795,10.853769302368164,25601700.0,7.091435432434082
2005-06-17,10.967302322387695,10.812897682189941,10.935513496398926,10.85831069946289,30396100.0,7.094402313232422
2005-06-20,10.867393493652344,10.717529296875,10.776566505432129,10.831062316894531,18550500.0,7.076597690582275
2005-06-21,11.21707534790039,10.776566505432129,10.826520919799805,11.176203727722168,38591800.0,7.3021016120910645
2005-06-22,11.21707534790039,11.08991813659668,11.162579536437988,11.126249313354492,27440800.0,7.269464015960693
2005-06-23,11.162579536437988,10.976385116577148,11.10354232788086,11.0762939453125,25955100.0,7.236825942993164
2005-06-24,11.017256736755371,10.735694885253906,11.012715339660645,10.808356285095215,22215000.0,7.061763286590576
2005-06-27,10.785649299621582,10.594913482666016,10.76294231414795,10.676657676696777,15681500.0,6.975715637207031
2005-06-28,10.808356285095215,10.649409294128418,10.740236282348633,10.74477767944336,15832100.0,7.020223140716553
2005-06-29,10.990009307861328,10.758401870727539,10.785649299621582,10.9309720993042,17039900.0,7.141875267028809
2005-06-30,10.935513496398926,10.67211627960205,10.817439079284668,10.676657676696777,24561500.0,6.975715637207031
2005-07-01,10.844686508178711,10.653950691223145,10.831062316894531,10.663033485412598,17815700.0,6.966813564300537
2005-07-05,10.808356285095215,10.467756271362305,10.490463256835938,10.767483711242676,24037200.0,7.035057067871094
2005-07-06,11.094459533691406,10.767483711242676,10.808356285095215,10.881017684936523,24035900.0,7.109238147735596
2005-07-07,10.976385116577148,10.67211627960205,10.717529296875,10.967302322387695,31605300.0,7.165613174438477
2005-07-08,11.039963722229004,10.853769302368164,10.853769302368164,11.026339530944824,25929800.0,7.204183578491211
2005-07-11,11.099000930786133,10.940054893493652,11.05812931060791,10.958219528198242,22110200.0,7.159679889678955
2005-07-12,11.012715339660645,10.899182319641113,10.967302322387695,10.949136734008789,21253700.0,7.153741359710693
2005-07-13,11.162579536437988,10.91734790802002,10.921889305114746,11.08991813659668,27185200.0,7.245723247528076
2005-07-14,11.23069953918457,11.130789756774902,11.207992553710938,11.180745124816895,32854000.0,7.305065155029297
2005-07-15,11.348773956298828,11.185286521911621,11.185286521911621,11.326066970825195,38985300.0,7.400013446807861
2005-07-18,11.385104179382324,11.257946968078613,11.326066970825195,11.316984176635742,33465300.0,7.394078254699707
2005-07-19,11.366939544677734,11.080835342407227,11.321525573730469,11.135331153869629,38927300.0,7.275396823883057
2005-07-20,11.326066970825195,10.999092102050781,11.05812931060791,11.23069953918457,29521500.0,7.337704658508301
2005-07-21,11.21707534790039,11.012715339660645,11.171662330627441,11.03088092803955,20380800.0,7.207152843475342
2005-07-22,11.05812931060791,10.881017684936523,11.012715339660645,10.980926513671875,19324000.0,7.174513816833496
2005-07-25,11.126249313354492,10.926430702209473,10.9309720993042,11.035422325134277,13846300.0,7.210118293762207
2005-07-26,11.117166519165039,10.912806510925293,11.012715339660645,11.062670707702637,16092200.0,7.227923393249512
2005-07-27,11.294278144836426,10.985467910766602,11.04450511932373,11.253405570983887,21450700.0,7.352540969848633
2005-07-28,11.198909759521484,11.062670707702637,11.171662330627441,11.121707916259766,16695700.0,7.266494274139404
2005-07-29,11.248865127563477,11.04450511932373,11.0762939453125,11.180745124816895,20260800.0,7.305065155029297
2005-08-01,11.207992553710938,11.080835342407227,11.185286521911621,11.126249313354492,16457700.0,7.269464015960693
2005-08-02,11.171662330627441,10.999092102050781,11.126249313354492,11.04450511932373,14968700.0,7.216053485870361
2005-08-03,11.198909759521484,10.967302322387695,10.990009307861328,11.176203727722168,17629600.0,7.3021016120910645
2005-08-04,11.321525573730469,11.062670707702637,11.180745124816895,11.108083724975586,18742900.0,7.257594585418701
2005-08-05,11.26248836517334,11.026339530944824,11.0762939453125,11.207992553710938,19991500.0,7.322871685028076
2005-08-08,11.316984176635742,11.126249313354492,11.239782333374023,11.176203727722168,11310500.0,7.3021016120910645
2005-08-09,11.26248836517334,11.099000930786133,11.21707534790039,11.148955345153809,15247700.0,7.284296989440918
2005-08-10,11.21707534790039,10.940054893493652,11.167120933532715,10.962760925292969,14885900.0,7.1626458168029785
2005-08-11,11.099000930786133,10.87193489074707,10.899182319641113,10.980926513671875,19378900.0,7.174513816833496
2005-08-12,11.008173942565918,10.753860473632812,10.76294231414795,10.912806510925293,23183300.0,7.130006313323975
2005-08-15,11.03088092803955,10.849227905273438,10.90372371673584,10.940054893493652,16795000.0,7.147808074951172
2005-08-16,11.466848373413086,10.74477767944336,11.012715339660645,10.76294231414795,28745500.0,7.032090663909912
2005-08-17,12.370572090148926,11.666666984558105,11.666666984558105,12.17983627319336,137035000.0,7.957837104797363
2005-08-18,12.16621208190918,11.989100456237793,12.011807441711426,12.10263442993164,51593700.0,7.907395362854004
2005-08-19,12.116257667541504,11.989100456237793,12.10717487335205,12.029973030090332,24104600.0,7.859918594360352
2005-08-22,12.184377670288086,11.980018615722656,12.029973030090332,12.048137664794922,29108600.0,7.871788501739502
2005-08-23,12.138964653015137,12.034514427185059,12.079927444458008,12.129881858825684,27762100.0,7.925194263458252
2005-08-24,12.302452087402344,12.093551635742188,12.216167449951172,12.13442325592041,36623800.0,7.928163528442383
2005-08-25,12.279746055603027,11.99364185333252,12.025431632995605,12.216167449951172,30015000.0,7.981573581695557
2005-08-26,12.375113487243652,12.143506050109863,12.261580467224121,12.266121864318848,30929500.0,8.01421070098877
2005-08-29,12.252497673034668,12.034514427185059,12.216167449951172,12.12079906463623,27197100.0,7.919260501861572
2005-08-30,12.338783264160156,12.10717487335205,12.13442325592041,12.30699348449707,30683700.0,8.040918350219727
2005-08-31,12.661216735839844,12.238873481750488,12.238873481750488,12.606720924377441,44434100.0,8.236745834350586
2005-09-01,12.670299530029297,12.429609298706055,12.556766510009766,12.670299530029297,24624500.0,8.278282165527344
2005-09-02,12.67938232421875,12.534059524536133,12.602179527282715,12.534059524536133,19573300.0,8.189269065856934
2005-09-06,12.64759349822998,12.361489295959473,12.556766510009766,12.375113487243652,41147200.0,8.085417747497559
2005-09-07,12.565849304199219,12.456857681274414,12.488646507263184,12.470480918884277,26949300.0,8.147727966308594
2005-09-08,12.656675338745117,12.488646507263184,12.534059524536133,12.64759349822998,37508800.0,8.263450622558594
2005-09-09,12.70663070678711,12.570390701293945,12.64759349822998,12.629427909851074,35063100.0,8.25158405303955
2005-09-12,12.6339693069458,12.561307907104492,12.624886512756348,12.597638130187988,15640300.0,8.283278465270996
2005-09-13,12.597638130187988,12.470480918884277,12.579473495483398,12.502270698547363,17612000.0,8.220572471618652
2005-09-14,12.611262321472168,12.452316284179688,12.470480918884277,12.488646507263184,16889700.0,8.211614608764648
2005-09-15,12.656675338745117,12.447774887084961,12.465940475463867,12.656675338745117,21327600.0,8.322099685668945
2005-09-16,12.874659538269043,12.661216735839844,12.711172103881836,12.870118141174316,38175600.0,8.462445259094238
2005-09-19,13.124432563781738,12.847411155700684,12.87920093536377,13.115349769592285,31513900.0,8.623690605163574
2005-09-20,13.401453018188477,12.797456741333008,13.115349769592285,12.842869758605957,39339100.0,8.444526672363281
2005-09-21,12.87920093536377,12.547683715820312,12.715712547302246,12.756585121154785,24713000.0,8.387794494628906
2005-09-22,12.86557674407959,12.547683715820312,12.756585121154785,12.720253944396973,26414900.0,8.363907814025879
2005-09-23,12.9927339553833,12.470480918884277,12.670299530029297,12.929155349731445,25364300.0,8.501263618469238
2005-09-26,13.215258598327637,13.010899543762207,13.047229766845703,13.142597198486328,32617500.0,8.641605377197266
2005-09-27,13.138056755065918,12.86557674407959,13.138056755065918,12.883742332458496,24315800.0,8.471402168273926
2005-09-28,13.074478149414062,12.806539535522461,12.965485572814941,12.951862335205078,19674800.0,8.516191482543945
2005-09-29,13.23796558380127,12.788373947143555,12.874659538269043,13.142597198486328,24417000.0,8.641605377197266
2005-09-30,13.369664192199707,13.015440940856934,13.228882789611816,13.260672569274902,28052500.0,8.719240188598633
2005-10-03,13.319709777832031,13.029064178466797,13.260672569274902,13.124432563781738,27177700.0,8.629661560058594
2005-10-04,13.188011169433594,12.783832550048828,12.806539535522461,12.965485572814941,49214400.0,8.525148391723633
2005-10-05,12.965485572814941,12.465940475463867,12.965485572814941,12.475022315979004,34950500.0,8.20266056060791
2005-10-06,12.570390701293945,12.12079906463623,12.50681209564209,12.211626052856445,35161300.0,8.029465675354004
2005-10-07,12.329700469970703,12.093551635742188,12.170753479003906,12.30699348449707,29401500.0,8.092177391052246
2005-10-10,12.429609298706055,12.098093032836914,12.384196281433105,12.111716270446777,25454400.0,7.963773727416992
2005-10-11,12.406903266906738,12.111716270446777,12.111716270446777,12.370572090148926,23698800.0,8.133976936340332
2005-10-12,12.488646507263184,12.184377670288086,12.238873481750488,12.397820472717285,34667800.0,8.151895523071289
2005-10-13,12.447774887084961,12.079927444458008,12.125340461730957,12.370572090148926,26401900.0,8.133976936340332
2005-10-14,12.529519081115723,12.216167449951172,12.370572090148926,12.50681209564209,17439800.0,8.223559379577637
2005-10-17,12.64759349822998,12.379654884338379,12.511353492736816,12.434150695800781,13329300.0,8.175783157348633
2005-10-18,12.67938232421875,12.3660306930542,12.397820472717285,12.593096733093262,19127600.0,8.280293464660645
2005-10-19,12.565849304199219,12.279746055603027,12.443233489990234,12.552225112915039,20691900.0,8.253421783447266
2005-10-20,12.811080932617188,12.384196281433105,12.565849304199219,12.452316284179688,19838900.0,8.187725067138672
2005-10-21,12.688465118408203,12.420526504516602,12.511353492736816,12.52043628692627,18907000.0,8.23251724243164
2005-10-24,12.847411155700684,12.488646507263184,12.556766510009766,12.829246520996094,18611300.0,8.43557071685791
2005-10-25,12.801998138427734,12.443233489990234,12.624886512756348,12.47956371307373,21680200.0,8.205645561218262
2005-10-26,12.574932098388672,11.594005584716797,11.594005584716797,12.243414878845215,33953200.0,8.050368309020996
2005-10-27,12.257039070129395,12.034514427185059,12.17983627319336,12.170753479003906,26059700.0,8.00259017944336
2005-10-28,12.756585121154785,12.175294876098633,12.284287452697754,12.697547912597656,29157500.0,8.348974227905273
2005-10-31,12.806539535522461,12.6339693069458,12.697547912597656,12.733878135681152,29017500.0,8.372865676879883
2005-11-01,12.965485572814941,12.629427909851074,12.629427909851074,12.842869758605957,40376300.0,8.444526672363281
2005-11-02,13.21071720123291,12.715712547302246,12.829246520996094,13.074478149414062,30217300.0,8.596813201904297
2005-11-03,13.188011169433594,12.970026969909668,13.074478149414062,13.05177116394043,22470000.0,8.581884384155273
2005-11-04,13.056312561035156,12.806539535522461,13.056312561035156,12.956403732299805,19509900.0,8.51917839050293
2005-11-07,13.097184181213379,12.906448364257812,12.947320938110352,13.047229766845703,18880800.0,8.578898429870605
2005-11-08,13.05177116394043,12.815622329711914,12.847411155700684,12.960944175720215,18238900.0,8.522165298461914
2005-11-09,13.001816749572754,12.811080932617188,12.89736557006836,12.82016372680664,15893800.0,8.429594993591309
2005-11-10,12.901906967163086,12.593096733093262,12.774749755859375,12.83832836151123,21611700.0,8.441542625427246
2005-11-11,13.056312561035156,12.824705123901367,12.824705123901367,12.951862335205078,22975800.0,8.516191482543945
2005-11-14,12.83832836151123,12.570390701293945,12.779291152954102,12.806539535522461,27559500.0,8.420639991760254
2005-11-15,13.033605575561523,12.670299530029297,12.670299530029297,12.770209312438965,28913500.0,8.396750450134277
2005-11-16,12.974568367004395,12.70663070678711,12.783832550048828,12.83832836151123,29160800.0,8.441542625427246
2005-11-17,13.306085586547852,12.933696746826172,12.942779541015625,13.169845581054688,46839100.0,8.659521102905273
2005-11-18,13.701180458068848,13.174386978149414,13.673933029174805,13.3514986038208,90992800.0,8.778963088989258
2005-11-21,13.383288383483887,13.22434139251709,13.306085586547852,13.297002792358398,21505600.0,8.743131637573242
2005-11-22,13.524068832397461,13.079019546508789,13.106266975402832,13.328791618347168,30259600.0,8.764034271240234
2005-11-23,13.460490226745605,13.219799995422363,13.219799995422363,13.342415809631348,20289800.0,8.772991180419922
2005-11-25,13.546775817871094,13.247048377990723,13.342415809631348,13.501362800598145,9139800.0,8.877504348754883
2005-11-28,13.614895820617676,13.401453018188477,13.465031623840332,13.605813026428223,26495500.0,8.94618034362793
2005-11-29,13.660308837890625,13.542234420776367,13.61035442352295,13.605813026428223,24067800.0,8.94618034362793
2005-11-30,13.683015823364258,13.442325592041016,13.623978614807129,13.474114418029785,33464400.0,8.859588623046875
2005-12-01,13.578564643859863,13.405994415283203,13.405994415283203,13.42416000366211,43411500.0,8.826736450195312
2005-12-02,13.451407432556152,13.219799995422363,13.401453018188477,13.274295806884766,32407000.0,8.728201866149902
2005-12-05,13.55131721496582,13.169845581054688,13.256131172180176,13.528610229492188,35808900.0,8.89542007446289
2005-12-06,13.73751163482666,13.428701400756836,13.592188835144043,13.451407432556152,44883500.0,8.844654083251953
2005-12-07,13.578564643859863,13.342415809631348,13.401453018188477,13.405994415283203,24082300.0,8.814794540405273
2005-12-08,13.496821403503418,13.21071720123291,13.39691162109375,13.274295806884766,18137400.0,8.728201866149902
2005-12-09,13.623978614807129,13.269754409790039,13.269754409790039,13.587647438049316,20112800.0,8.934235572814941
2005-12-12,13.678474426269531,13.496821403503418,13.623978614807129,13.61035442352295,22301100.0,9.002168655395508
2005-12-13,13.487738609313965,13.019981384277344,13.465031623840332,13.201634407043457,38315400.0,8.731834411621094
2005-12-14,13.496821403503418,13.124432563781738,13.206175804138184,13.446866035461426,35424400.0,8.894034385681152
2005-12-15,13.533151626586914,13.260672569274902,13.474114418029785,13.260672569274902,19443800.0,8.770881652832031
2005-12-16,13.3514986038208,13.133515357971191,13.292461395263672,13.133515357971191,30458700.0,8.686777114868164
2005-12-19,13.247048377990723,13.056312561035156,13.0835599899292,13.110808372497559,36503400.0,8.67176342010498
2005-12-20,13.124432563781738,13.042688369750977,13.079019546508789,13.101725578308105,35587400.0,8.665751457214355
2005-12-21,13.23796558380127,13.019981384277344,13.101725578308105,13.06539535522461,26946500.0,8.641722679138184
2005-12-22,13.256131172180176,13.03814697265625,13.124432563781738,13.124432563781738,27010800.0,8.680768966674805
2005-12-23,13.188011169433594,12.988192558288574,13.060853958129883,13.06539535522461,17976900.0,8.641722679138184
2005-12-27,13.169845581054688,13.05177116394043,13.115349769592285,13.05177116394043,16231300.0,8.632710456848145
2005-12-28,13.124432563781738,13.02452278137207,13.029064178466797,13.079019546508789,14770700.0,8.65073299407959
2005-12-29,13.138056755065918,13.033605575561523,13.033605575561523,13.05177116394043,17865200.0,8.632710456848145
2005-12-30,13.069936752319336,12.874659538269043,12.956403732299805,13.001816749572754,14376800.0,8.59967041015625
2006-01-03,13.297002792358398,12.883742332458496,13.297002792358398,13.06539535522461,35097000.0,8.641722679138184
2006-01-04,13.465031623840332,13.060853958129883,13.069936752319336,13.446866035461426,25552200.0,8.894034385681152
2006-01-05,13.428701400756836,13.274295806884766,13.39691162109375,13.3514986038208,24501200.0,8.830957412719727
2006-01-06,13.75567626953125,13.39691162109375,13.39691162109375,13.732970237731934,35942500.0,9.083273887634277
2006-01-09,13.94187068939209,13.623978614807129,13.628519058227539,13.905540466308594,27414400.0,9.197412490844727
2006-01-10,14.005449295043945,13.692097663879395,13.742053031921387,13.978201866149902,29466000.0,9.245471000671387
2006-01-11,14.250680923461914,13.96911907196045,14.078110694885254,14.232516288757324,46263300.0,9.413679122924805
2006-01-12,14.187102317810059,14.032697677612305,14.123523712158203,14.087193489074707,19088600.0,9.3175630569458
2006-01-13,14.48682975769043,14.191643714904785,14.191643714904785,14.48682975769043,34009400.0,9.581891059875488
2006-01-17,14.396003723144531,14.123523712158203,14.259763717651367,14.377838134765625,22579900.0,9.509800910949707
2006-01-18,14.45504093170166,14.078110694885254,14.168937683105469,14.382379531860352,31604600.0,9.512801170349121
2006-01-19,14.682106971740723,14.355132102966309,14.432333946228027,14.6412353515625,40640100.0,9.6840181350708
2006-01-20,14.750226974487305,14.346049308776855,14.6412353515625,14.414169311523438,34459300.0,9.533831596374512
2006-01-23,14.436875343322754,14.173479080200195,14.391462326049805,14.232516288757324,23498200.0,9.413679122924805
2006-01-24,14.409627914428711,14.223433494567871,14.282470703125,14.246139526367188,32093400.0,9.422689437866211
2006-01-25,14.65485954284668,14.14168930053711,14.246139526367188,14.582198143005371,41979100.0,9.644968032836914
2006-01-26,14.618528366088867,14.291553497314453,14.59582233428955,14.350590705871582,35521300.0,9.491780281066895
2006-01-27,14.518619537353516,14.105359077453613,14.305176734924316,14.209809303283691,26065900.0,9.398661613464355
2006-01-30,14.291553497314453,14.050863265991211,14.187102317810059,14.205267906188965,15611700.0,9.395659446716309
2006-01-31,14.291553497314453,14.059945106506348,14.146230697631836,14.159854888916016,18752200.0,9.365625381469727
2006-02-01,14.205267906188965,13.973660469055176,14.078110694885254,14.182560920715332,20118100.0,9.380640029907227
2006-02-02,14.26884651184082,13.964577674865723,14.168937683105469,14.037239074707031,19232200.0,9.284521102905273
2006-02-03,14.064486503601074,13.76930046081543,13.905540466308594,13.878292083740234,22913100.0,9.179394721984863
2006-02-06,13.832879066467285,13.55131721496582,13.819254875183105,13.746594429016113,22082900.0,9.092280387878418
2006-02-07,13.91008186340332,13.683015823364258,13.714804649353027,13.792007446289062,16603700.0,9.122318267822266
2006-02-08,14.545866966247559,13.855586051940918,13.887374877929688,14.536785125732422,33535300.0,9.614931106567383
2006-02-09,14.61398696899414,14.26884651184082,14.600363731384277,14.350590705871582,22705700.0,9.491780281066895
2006-02-10,14.350590705871582,14.059945106506348,14.346049308776855,14.309718132019043,21754800.0,9.464743614196777
2006-02-13,14.46866512298584,14.155313491821289,14.168937683105469,14.414169311523438,19688900.0,9.533831596374512
2006-02-14,14.759309768676758,14.373296737670898,14.44141674041748,14.754768371582031,35077600.0,9.759110450744629
2006-02-15,14.772933959960938,14.377838134765625,14.645776748657227,14.382379531860352,44442700.0,9.512801170349121
2006-02-16,15.676657676696777,14.981834411621094,15.004541397094727,15.449591636657715,112853600.0,10.218682289123535
2006-02-17,15.476839065551758,15.231607437133789,15.281561851501465,15.472297668457031,36021600.0,10.233695983886719
2006-02-21,15.426884651184082,14.718438148498535,15.37238883972168,14.763851165771484,41875200.0,9.765117645263672
2006-02-22,14.995458602905273,14.48682975769043,14.623069763183594,14.959128379821777,33023100.0,9.894272804260254
2006-02-23,14.981834411621094,14.645776748657227,14.85921859741211,14.700272560119629,23862100.0,9.723064422607422
2006-02-24,14.741144180297852,14.44141674041748,14.741144180297852,14.541326522827148,22059800.0,9.617936134338379
2006-02-27,15.213441848754883,14.677565574645996,14.691189765930176,15.17257022857666,29196000.0,10.035449981689453
2006-02-28,15.127157211303711,14.722979545593262,14.98637580871582,14.900091171264648,30171300.0,9.85522747039795
2006-03-01,15.467756271362305,15.03178882598877,15.104450225830078,15.463214874267578,32599700.0,10.227690696716309
2006-03-02,15.53133487701416,15.281561851501465,15.440508842468262,15.526793479919434,26040800.0,10.269742965698242
2006-03-03,15.413260459899902,15.104450225830078,15.32697582244873,15.104450225830078,29221400.0,9.990394592285156
2006-03-06,15.231607437133789,14.795639991760254,15.122615814208984,14.922797203063965,24487500.0,9.870246887207031
2006-03-07,15.04541301727295,14.82742977142334,14.85921859741211,14.96821117401123,23141000.0,9.900284767150879
2006-03-08,14.990917205810547,14.82742977142334,14.895549774169922,14.84105396270752,22877200.0,9.816178321838379
2006-03-09,15.02724838256836,14.854677200317383,14.895549774169922,14.877384185791016,21885800.0,9.840206146240234
2006-03-10,15.063578605651855,14.768392562866211,14.877384185791016,14.981834411621094,17710400.0,9.909295082092285
2006-03-13,15.113533020019531,14.872842788696289,14.945504188537598,15.086285591125488,15301900.0,10.031952857971191
2006-03-14,15.245231628417969,15.036330223083496,15.054495811462402,15.168028831481934,22576800.0,10.08630657196045
2006-03-15,15.422343254089355,15.131698608398438,15.145322799682617,15.390554428100586,31048600.0,10.234281539916992
2006-03-16,15.463214874267578,15.34514045715332,15.390554428100586,15.376930236816406,28661400.0,10.2252197265625
2006-03-17,15.53133487701416,15.38601303100586,15.440508842468262,15.51317024230957,32240500.0,10.315815925598145
2006-03-20,15.522252082824707,15.376930236816406,15.417801856994629,15.422343254089355,16352700.0,10.255416870117188
2006-03-21,15.53133487701416,15.21798324584961,15.376930236816406,15.231607437133789,21421200.0,10.128585815429688
2006-03-22,15.213441848754883,14.822888374328613,14.822888374328613,15.149864196777344,30957600.0,10.074228286743164
2006-03-23,15.118074417114258,14.981834411621094,15.040871620178223,14.98637580871582,20922900.0,9.96551513671875
2006-03-24,15.131698608398438,14.877384185791016,14.895549774169922,15.063578605651855,18280100.0,10.016854286193848
2006-03-27,15.108991622924805,14.940962791442871,14.963669776916504,15.036330223083496,20791700.0,9.99873161315918
2006-03-28,14.96821117401123,14.532243728637695,14.963669776916504,14.564032554626465,30757500.0,9.684670448303223
2006-03-29,15.022706985473633,14.577656745910645,14.600363731384277,14.85921859741211,20972700.0,9.88095760345459
2006-03-30,15.095367431640625,14.727519989013672,14.804722785949707,14.791098594665527,21691900.0,9.835658073425293
2006-03-31,15.081744194030762,14.786558151245117,14.795639991760254,14.940962791442871,25993000.0,9.93531322479248
2006-04-03,15.295186042785645,14.936421394348145,14.98637580871582,15.227066040039062,22371600.0,10.125566482543945
2006-04-04,15.32697582244873,15.063578605651855,15.208901405334473,15.299727439880371,21585300.0,10.173881530761719
2006-04-05,15.635786056518555,15.245231628417969,15.258855819702148,15.603996276855469,33190500.0,10.376212120056152
2006-04-06,15.644867897033691,15.449591636657715,15.517711639404297,15.485921859741211,14855100.0,10.297696113586426
2006-04-07,15.517711639404297,15.136240005493164,15.490463256835938,15.154404640197754,16089700.0,10.077245712280273
2006-04-10,15.267938613891602,14.98637580871582,15.113533020019531,15.03178882598877,12624700.0,9.995711326599121
2006-04-11,15.108991622924805,14.759309768676758,15.04541301727295,14.777475357055664,25307100.0,9.826598167419434
2006-04-12,14.904632568359375,14.677565574645996,14.84105396270752,14.682106971740723,14650500.0,9.76318359375
2006-04-13,14.95458698272705,14.650318145751953,14.727519989013672,14.81380558013916,15504700.0,9.850757598876953
2006-04-17,14.963669776916504,14.509536743164062,14.818346977233887,14.545866966247559,15885600.0,9.672589302062988
2006-04-18,15.281561851501465,14.532243728637695,14.532243728637695,15.204360008239746,25530400.0,10.110465049743652
2006-04-19,15.272480010986328,14.959128379821777,15.213441848754883,14.981834411621094,14326200.0,9.962492942810059
2006-04-20,15.40417766571045,14.81380558013916,14.895549774169922,15.354223251342773,24384900.0,10.210119247436523
2006-04-21,15.431426048278809,14.804722785949707,15.34514045715332,14.96821117401123,22815300.0,9.953433990478516
2006-04-24,15.122615814208984,14.81380558013916,14.913714408874512,14.940962791442871,14533200.0,9.93531322479248
2006-04-25,15.004541397094727,14.691189765930176,14.98637580871582,14.990917205810547,17738200.0,9.968531608581543
2006-04-26,14.98637580871582,14.650318145751953,14.98637580871582,14.895549774169922,19786900.0,9.90511703491211
2006-04-27,15.163487434387207,14.759309768676758,14.850135803222656,15.104450225830078,25032300.0,10.044027328491211
2006-04-28,15.077202796936035,14.645776748657227,15.009082794189453,14.745685577392578,16931100.0,9.805461883544922
2006-05-01,14.98637580871582,14.791098594665527,14.82742977142334,14.822888374328613,17789500.0,9.85680103302002
2006-05-02,14.886466979980469,14.632152557373047,14.872842788696289,14.677565574645996,14514700.0,9.760163307189941
2006-05-03,14.98637580871582,14.704813957214355,14.704813957214355,14.913714408874512,14621700.0,9.917193412780762
2006-05-04,15.168028831481934,14.922797203063965,14.940962791442871,15.118074417114258,17097800.0,10.053088188171387
2006-05-05,15.395095825195312,15.081744194030762,15.19981861114502,15.381471633911133,26915200.0,10.228240966796875
2006-05-08,15.417801856994629,15.145322799682617,15.254314422607422,15.34514045715332,16945700.0,10.204078674316406
2006-05-09,15.17257022857666,14.931879997253418,15.018165588378906,15.040871620178223,21053100.0,10.001750946044922
2006-05-10,15.145322799682617,14.931879997253418,14.959128379821777,15.022706985473633,12669800.0,9.989673614501953
2006-05-11,14.963669776916504,14.59582233428955,14.931879997253418,14.772933959960938,19887800.0,9.823579788208008
2006-05-12,14.845595359802246,14.532243728637695,14.804722785949707,14.591280937194824,19460800.0,9.702788352966309
2006-05-15,14.895549774169922,14.364213943481445,14.586739540100098,14.364213943481445,26631600.0,9.55179214477539
2006-05-16,14.473206520080566,13.851044654846191,14.364213943481445,14.12806510925293,42034600.0,9.394762992858887
2006-05-17,14.85921859741211,14.46866512298584,14.577656745910645,14.604904174804688,74536100.0,9.711845397949219
2006-05-18,15.009082794189453,14.691189765930176,14.691189765930176,14.750226974487305,48920700.0,9.808481216430664
2006-05-19,14.85921859741211,14.209809303283691,14.809264183044434,14.541326522827148,43877700.0,9.66956901550293
2006-05-22,14.772933959960938,14.409627914428711,14.464123725891113,14.61398696899414,28871900.0,9.717884063720703
2006-05-23,15.009082794189453,14.582198143005371,14.791098594665527,14.582198143005371,32552100.0,9.696746826171875
2006-05-24,14.854677200317383,14.541326522827148,14.623069763183594,14.700272560119629,27154400.0,9.775262832641602
2006-05-25,14.777475357055664,14.545866966247559,14.704813957214355,14.65485954284668,20571500.0,9.745063781738281
2006-05-26,14.81380558013916,14.577656745910645,14.636693954467773,14.777475357055664,17672300.0,9.826598167419434
2006-05-30,14.750226974487305,14.491371154785156,14.668482780456543,14.495912551879883,17361600.0,9.63936996459961
2006-05-31,14.727519989013672,14.423251152038574,14.509536743164062,14.704813957214355,26209300.0,9.778284072875977
2006-06-01,14.759309768676758,14.482288360595703,14.591280937194824,14.727519989013672,22932200.0,9.793381690979004
2006-06-02,14.741144180297852,14.541326522827148,14.718438148498535,14.713896751403809,19831400.0,9.784322738647461
2006-06-05,14.722979545593262,14.336966514587402,14.600363731384277,14.346049308776855,19570000.0,9.539713859558105
2006-06-06,14.44141674041748,13.887374877929688,14.44141674041748,14.032697677612305,36266000.0,9.331348419189453
2006-06-07,14.246139526367188,14.037239074707031,14.078110694885254,14.046321868896484,27749600.0,9.340405464172363
2006-06-08,14.037239074707031,13.169845581054688,14.032697677612305,13.651226043701172,51628700.0,9.077677726745605
2006-06-09,13.678474426269531,13.492280006408691,13.623978614807129,13.59673023223877,40624900.0,9.041439056396484
2006-06-12,13.701180458068848,13.483197212219238,13.59673023223877,13.56494140625,29296000.0,9.073686599731445
2006-06-13,13.705721855163574,13.3514986038208,13.56494140625,13.528610229492188,38152000.0,9.049386024475098
2006-06-14,13.692097663879395,13.510444641113281,13.56948184967041,13.687557220458984,27802200.0,9.155705451965332
2006-06-15,14.495912551879883,13.714804649353027,13.73751163482666,14.477747917175293,52885800.0,9.684270858764648
2006-06-16,15.099908828735352,14.48682975769043,14.48682975769043,15.004541397094727,79815600.0,10.036645889282227
2006-06-19,15.440508842468262,15.01362419128418,15.01362419128418,15.245231628417969,71087800.0,10.19764518737793
2006-06-20,15.19981861114502,14.818346977233887,15.122615814208984,14.922797203063965,33110800.0,9.981966972351074
2006-06-21,15.458673477172852,14.950045585632324,14.963669776916504,15.322434425354004,50708700.0,10.249286651611328
2006-06-22,15.413260459899902,14.959128379821777,15.267938613891602,14.97275161743164,44242300.0,10.01538372039795
2006-06-23,15.049954414367676,14.81380558013916,14.945504188537598,14.831971168518066,22803000.0,9.921213150024414
2006-06-26,15.077202796936035,14.668482780456543,14.940962791442871,14.754768371582031,23983500.0,9.869571685791016
2006-06-27,14.80018138885498,14.48682975769043,14.768392562866211,14.504995346069336,28713100.0,9.702494621276855
2006-06-28,14.618528366088867,14.09627628326416,14.577656745910645,14.346049308776855,35107800.0,9.596174240112305
2006-06-29,14.554949760437012,14.250680923461914,14.396003723144531,14.545866966247559,29322200.0,9.729836463928223
2006-06-30,14.677565574645996,14.336966514587402,14.573115348815918,14.386920928955078,47106700.0,9.623514175415039
2006-07-03,14.845595359802246,14.305176734924316,14.32788372039795,14.763851165771484,21245100.0,9.87564754486084
2006-07-05,15.095367431640625,14.84105396270752,14.850135803222656,14.881925582885742,36641900.0,9.954627990722656
2006-07-06,15.181653022766113,14.78201675415039,14.80018138885498,15.03178882598877,27904600.0,10.05487060546875
2006-07-07,15.127157211303711,14.868301391601562,14.963669776916504,14.918255805969238,35165700.0,9.978930473327637
2006-07-10,14.963669776916504,14.336966514587402,14.918255805969238,14.50045394897461,30724200.0,9.699459075927734
2006-07-11,14.845595359802246,14.377838134765625,14.44141674041748,14.777475357055664,30536000.0,9.884756088256836
2006-07-12,14.768392562866211,14.332425117492676,14.677565574645996,14.382379531860352,27982500.0,9.620474815368652
2006-07-13,14.436875343322754,13.987284660339355,14.382379531860352,14.178019523620605,31176300.0,9.48377799987793
2006-07-14,14.200726509094238,13.946412086486816,14.078110694885254,13.96911907196045,34690700.0,9.34404182434082
2006-07-17,14.291553497314453,13.905540466308594,13.978201866149902,14.168937683105469,23930800.0,9.477705955505371
2006-07-18,14.205267906188965,13.823796272277832,13.987284660339355,14.055403709411621,31158000.0,9.40176010131836
2006-07-19,14.677565574645996,14.055403709411621,14.146230697631836,14.645776748657227,39206600.0,9.79666519165039
2006-07-20,14.877384185791016,14.4277925491333,14.600363731384277,14.44141674041748,22595800.0,9.659969329833984
2006-07-21,14.123523712158203,13.614895820617676,14.091734886169434,13.860127449035645,50117900.0,9.27114200592041
2006-07-24,14.264305114746094,13.841961860656738,13.841961860656738,14.10990047454834,28375100.0,9.438214302062988
2006-07-25,14.336966514587402,14.032697677612305,14.146230697631836,14.227974891662598,29448600.0,9.517196655273438
2006-07-26,14.618528366088867,13.882833480834961,13.882833480834961,14.418710708618164,46299600.0,9.64477825164795
2006-07-27,14.795639991760254,14.373296737670898,14.423251152038574,14.618528366088867,34566700.0,9.778437614440918
2006-07-28,14.718438148498535,14.495912551879883,14.659400939941406,14.582198143005371,23413800.0,9.754137992858887
2006-07-31,14.573115348815918,14.436875343322754,14.46866512298584,14.491371154785156,19660500.0,9.693382263183594
2006-08-01,14.4277925491333,14.214350700378418,14.336966514587402,14.382379531860352,21408000.0,9.620474815368652
2006-08-02,14.868301391601562,14.32788372039795,14.336966514587402,14.759309768676758,29073200.0,9.872605323791504
2006-08-03,14.936421394348145,14.568573951721191,14.736602783203125,14.80018138885498,16174700.0,9.899945259094238
2006-08-04,15.01362419128418,14.636693954467773,14.98637580871582,14.732061386108398,26866100.0,9.854381561279297
2006-08-07,15.022706985473633,14.59582233428955,14.650318145751953,14.868301391601562,22635600.0,9.945513725280762
2006-08-08,15.190735816955566,14.931879997253418,14.990917205810547,14.936421394348145,29047600.0,9.991080284118652
2006-08-09,15.236148834228516,14.97275161743164,15.104450225830078,15.01362419128418,22036500.0,10.042720794677734
2006-08-10,15.077202796936035,14.82742977142334,14.940962791442871,14.990917205810547,22443800.0,10.027530670166016
2006-08-11,15.022706985473633,14.84105396270752,14.895549774169922,15.009082794189453,19443600.0,10.03968334197998
2006-08-14,15.37238883972168,15.086285591125488,15.099908828735352,15.118074417114258,22414100.0,10.112586975097656
2006-08-15,15.504087448120117,15.240690231323242,15.304268836975098,15.435967445373535,37151900.0,10.325230598449707
2006-08-16,16.453224182128906,15.476839065551758,15.53133487701416,15.635786056518555,55282500.0,10.458891868591309
2006-08-17,16.68029022216797,15.781107902526855,16.621253967285156,15.962760925292969,126866200.0,10.677604675292969
2006-08-18,16.20345115661621,15.935513496398926,16.017257690429688,16.13079071044922,59593800.0,10.79000186920166
2006-08-21,16.053586959838867,15.835603713989258,16.017257690429688,15.844686508178711,28184700.0,10.598625183105469
2006-08-22,16.0762939453125,15.812897682189941,15.849227905273438,15.90372371673584,21159200.0,10.638113975524902
2006-08-23,16.112625122070312,15.899182319641113,15.985467910766602,16.01271629333496,19835300.0,10.711021423339844
2006-08-24,16.099000930786133,15.971843719482422,16.017257690429688,16.067211151123047,18681500.0,10.74747371673584
2006-08-25,16.099000930786133,15.953678131103516,15.985467910766602,15.999092102050781,14218300.0,10.701909065246582
2006-08-28,16.121707916259766,15.803814888000488,15.849227905273438,16.021799087524414,21675100.0,10.717096328735352
2006-08-29,16.267030715942383,16.008174896240234,16.044504165649414,16.239782333374023,16967700.0,10.862905502319336
2006-08-30,16.389646530151367,16.17620277404785,16.17620277404785,16.348773956298828,27229900.0,10.935812950134277
2006-08-31,16.66666603088379,16.25794792175293,16.25794792175293,16.60308837890625,31731700.0,11.105926513671875
2006-09-01,16.68029022216797,16.53496742248535,16.621253967285156,16.58946418762207,16165700.0,11.096813201904297
2006-09-05,16.594005584716797,16.439599990844727,16.57583999633789,16.557674407958984,19974700.0,11.075549125671387
2006-09-06,16.42143440246582,16.276113510131836,16.303359985351562,16.276113510131836,23055300.0,10.887207984924316
2006-09-07,16.235240936279297,15.990009307861328,16.099000930786133,16.085376739501953,26711100.0,10.759624481201172
2006-09-08,16.430517196655273,15.985467910766602,15.994550704956055,16.425975799560547,29317200.0,10.98745346069336
2006-09-11,16.63033676147461,16.21707534790039,16.235240936279297,16.51226234436035,26735100.0,11.09922981262207
2006-09-12,16.916439056396484,16.444141387939453,16.444141387939453,16.766576766967773,44901200.0,11.270174980163574
2006-09-13,16.689373016357422,16.289735794067383,16.689373016357422,16.516803741455078,34140200.0,11.102283477783203
2006-09-14,16.571298599243164,16.37148094177246,16.37148094177246,16.46230697631836,22085600.0,11.065648078918457
2006-09-15,16.748411178588867,16.39872932434082,16.566757202148438,16.430517196655273,31531500.0,11.044281959533691
2006-09-18,16.61671257019043,16.253406524658203,16.348773956298828,16.530426025390625,19585400.0,11.111437797546387
2006-09-19,16.571298599243164,16.353315353393555,16.430517196655273,16.507720947265625,21575400.0,11.096177101135254
2006-09-20,16.73024559020996,16.466848373413086,16.507720947265625,16.7029972076416,28679000.0,11.227435111999512
2006-09-21,16.46230697631836,15.690281867980957,16.37148094177246,15.835603713989258,91471700.0,10.644392013549805
2006-09-22,15.994550704956055,15.508628845214844,15.622161865234375,15.944596290588379,50696600.0,10.717655181884766
2006-09-25,16.289735794067383,15.862852096557617,15.985467910766602,16.21707534790039,45322800.0,10.900808334350586
2006-09-26,16.339691162109375,16.13079071044922,16.267030715942383,16.212533950805664,31182900.0,10.897754669189453
2006-09-27,16.235240936279297,15.962760925292969,16.0762939453125,16.071752548217773,35113500.0,10.80312728881836
2006-09-28,16.35785675048828,15.899182319641113,15.985467910766602,16.33514976501465,32976400.0,10.98017692565918
2006-09-29,16.852861404418945,16.57583999633789,16.57583999633789,16.662124633789062,51275900.0,11.199962615966797
2006-10-02,17.13896369934082,16.66666603088379,16.73024559020996,17.10263442993164,47568200.0,11.496066093444824
2006-10-03,17.029972076416016,16.734786987304688,16.89373207092285,16.993642807006836,37319400.0,11.422801971435547
2006-10-04,17.32061767578125,16.84832000732422,16.84832000732422,17.26612091064453,33425000.0,11.60595989227295
2006-10-05,17.184377670288086,17.016347885131836,17.084468841552734,17.184377670288086,27041200.0,11.551007270812988
2006-10-06,17.27974510192871,17.020889282226562,17.05267906188965,17.1298828125,30163600.0,11.514378547668457
2006-10-09,17.257038116455078,17.00272560119629,17.0617618560791,17.257038116455078,24609100.0,11.59985637664795
2006-10-10,17.325159072875977,17.079927444458008,17.27974510192871,17.225250244140625,23201500.0,11.578485488891602
2006-10-11,17.406902313232422,17.157129287719727,17.225250244140625,17.198001861572266,36070000.0,11.560168266296387
2006-10-12,17.515893936157227,17.257038116455078,17.275203704833984,17.44777488708496,34422500.0,11.728062629699707
2006-10-13,17.711172103881836,17.356948852539062,17.356948852539062,17.647592544555664,27856600.0,11.862374305725098
2006-10-16,17.761125564575195,17.570390701293945,17.647592544555664,17.60218048095703,19328000.0,11.831852912902832
2006-10-17,17.7792911529541,17.379653930664062,17.493188858032227,17.738420486450195,26037500.0,11.923428535461426
2006-10-18,17.933696746826172,17.53860092163086,17.765666961669922,17.715713500976562,22322300.0,11.90816593170166
2006-10-19,18.019981384277344,17.60218048095703,17.69300651550293,17.965486526489258,31724600.0,12.07606029510498
2006-10-20,18.03814697265625,17.715713500976562,18.03814697265625,17.88374137878418,25451300.0,12.021113395690918
2006-10-23,18.210718154907227,17.801998138427734,17.801998138427734,18.10626792907715,32438500.0,12.170687675476074
2006-10-24,18.15167999267578,17.738420486450195,18.006357192993164,17.91098976135254,25503100.0,12.039426803588867
2006-10-25,18.019981384277344,17.674840927124023,17.965486526489258,17.788373947143555,32566200.0,11.957008361816406
2006-10-26,17.929155349731445,17.729337692260742,17.797456741333008,17.788373947143555,26738600.0,11.957008361816406
2006-10-27,17.811080932617188,17.370573043823242,17.66575813293457,17.465940475463867,29683600.0,11.740273475646973
2006-10-30,17.75658416748047,17.32061767578125,17.34786605834961,17.674840927124023,22610100.0,11.880691528320312
2006-10-31,17.75658416748047,17.484106063842773,17.66575813293457,17.593097686767578,27768300.0,11.825745582580566
2006-11-01,17.77020835876465,17.479564666748047,17.715713500976562,17.506811141967773,22297200.0,11.767744064331055
2006-11-02,17.633968353271484,17.46139907836914,17.5113525390625,17.52497673034668,16405500.0,11.77995491027832
2006-11-03,17.65213394165039,17.325159072875977,17.52497673034668,17.356948852539062,21341500.0,11.667011260986328
2006-11-06,17.620346069335938,17.356948852539062,17.356948852539062,17.58855628967285,21254300.0,11.822690963745117
2006-11-07,17.70663070678711,17.543142318725586,17.633968353271484,17.574932098388672,23841900.0,11.813533782958984
2006-11-08,17.711172103881836,17.4886474609375,17.574932098388672,17.656675338745117,27528900.0,11.86847972869873
2006-11-09,18.12897300720215,17.761125564575195,17.765666961669922,17.965486526489258,50609200.0,12.07606029510498
2006-11-10,18.16530418395996,17.951862335205078,18.047229766845703,18.160762786865234,27370600.0,12.207319259643555
2006-11-13,18.287919998168945,18.133514404296875,18.16530418395996,18.265213012695312,29836400.0,12.27752685546875
2006-11-14,18.505903244018555,18.119890213012695,18.224342346191406,18.469573974609375,28842600.0,12.414896965026855
2006-11-15,18.55131721496582,18.056312561035156,18.4741153717041,18.069936752319336,39323900.0,12.14626693725586
2006-11-16,18.278837203979492,18.03814697265625,18.16530418395996,18.224342346191406,62878500.0,12.250052452087402
2006-11-17,18.19255256652832,17.715713500976562,18.19255256652832,18.060853958129883,66865900.0,12.140164375305176
2006-11-20,18.188011169433594,17.91098976135254,18.02452278137207,18.033605575561523,45735000.0,12.121848106384277
2006-11-21,18.16530418395996,18.015439987182617,18.015439987182617,18.160762786865234,26868800.0,12.207319259643555
2006-11-22,18.147138595581055,17.915531158447266,18.12897300720215,18.03814697265625,30655800.0,12.124898910522461
2006-11-24,18.069936752319336,17.847412109375,17.8701171875,17.965486526489258,8653600.0,12.07606029510498
2006-11-27,17.915531158447266,17.53860092163086,17.888282775878906,17.547683715820312,34432600.0,11.795219421386719
2006-11-28,17.69300651550293,17.425067901611328,17.470481872558594,17.65213394165039,27367100.0,11.865427017211914
2006-11-29,17.915531158447266,17.73387908935547,17.7792911529541,17.888282775878906,25331500.0,12.024161338806152
2006-11-30,18.074478149414062,17.73387908935547,17.829246520996094,17.920072555541992,27603800.0,12.045528411865234
2006-12-01,18.074478149414062,17.80653953552246,17.920072555541992,17.91098976135254,30001300.0,12.039426803588867
2006-12-04,18.12897300720215,17.83378791809082,17.91098976135254,18.101726531982422,20943000.0,12.16763687133789
2006-12-05,18.169845581054688,18.042688369750977,18.05177116394043,18.124431610107422,29060000.0,12.18289852142334
2006-12-06,18.28337860107422,18.11534881591797,18.124431610107422,18.228883743286133,37590100.0,12.253108024597168
2006-12-07,18.265213012695312,18.060853958129883,18.188011169433594,18.101726531982422,28960400.0,12.16763687133789
2006-12-08,18.251588821411133,17.915531158447266,18.133514404296875,18.001815795898438,26042100.0,12.100478172302246
2006-12-11,18.247047424316406,17.906448364257812,17.965486526489258,18.169845581054688,41919600.0,12.26794147491455
2006-12-12,18.2970027923584,17.96094512939453,18.278837203979492,18.088102340698242,44876300.0,12.212751388549805
2006-12-13,18.142597198486328,17.92461395263672,18.119890213012695,18.015439987182617,35282200.0,12.1636962890625
2006-12-14,18.147138595581055,17.933696746826172,18.015439987182617,18.124431610107422,32616900.0,12.23728084564209
2006-12-15,18.287919998168945,18.101726531982422,18.147138595581055,18.1380558013916,34646700.0,12.246477127075195
2006-12-18,18.274295806884766,18.119890213012695,18.133514404296875,18.17892837524414,21412900.0,12.27407455444336
2006-12-19,18.392370223999023,18.16530418395996,18.188011169433594,18.360580444335938,31618700.0,12.396722793579102
2006-12-20,18.828338623046875,18.324251174926758,18.324251174926758,18.773841857910156,46454400.0,12.675749778747559
2006-12-21,18.723886489868164,18.392370223999023,18.66485023498535,18.528610229492188,29215400.0,12.510174751281738
2006-12-22,18.673933029174805,18.392370223999023,18.392370223999023,18.45140838623047,15753300.0,12.458046913146973
2006-12-26,18.633060455322266,18.419618606567383,18.42416000366211,18.587648391723633,13912200.0,12.55003547668457
2006-12-27,18.93733024597168,18.587648391723633,18.59218978881836,18.891916275024414,21569900.0,12.755470275878906
2006-12-28,18.914623260498047,18.746593475341797,18.81017303466797,18.78292465209961,16652600.0,12.681880950927734
2006-12-29,18.914623260498047,18.69209861755371,18.78292465209961,18.70572280883789,13838200.0,12.629755020141602
2007-01-03,18.960037231445312,18.64214324951172,18.64214324951172,18.900999069213867,46615800.0,12.761601448059082
2007-01-04,18.991825103759766,18.732969284057617,18.801090240478516,18.928247451782227,26219600.0,12.780003547668457
2007-01-05,19.196186065673828,18.837421417236328,18.91008186340332,19.164396286010742,38363900.0,12.939446449279785
2007-01-08,19.209808349609375,19.046321868896484,19.187103271484375,19.059946060180664,25309500.0,12.868925094604492
2007-01-09,19.250680923461914,19.02361488342285,19.109899520874023,19.164396286010742,26132600.0,12.939446449279785
2007-01-10,19.200727462768555,19.046321868896484,19.059946060180664,19.164396286010742,19408400.0,12.939446449279785
2007-01-11,19.432334899902344,19.05086326599121,19.096275329589844,19.364213943481445,26081100.0,13.074357986450195
2007-01-12,19.854677200317383,19.336965560913086,19.336965560913086,19.76839256286621,50720800.0,13.347249984741211
2007-01-16,19.750226974487305,19.5504093170166,19.686649322509766,19.618528366088867,22157400.0,13.24606704711914
2007-01-17,19.61398696899414,19.209808349609375,19.518619537353516,19.29609489440918,27410400.0,13.02836799621582
2007-01-18,19.391462326049805,19.00090789794922,19.391462326049805,19.22797393798828,33403000.0,12.982366561889648
2007-01-19,19.282470703125,18.837421417236328,19.22797393798828,19.073570251464844,31606800.0,12.878124237060547
2007-01-22,19.15531349182129,18.81017303466797,19.096275329589844,19.082653045654297,24999300.0,12.884258270263672
2007-01-23,19.35967254638672,18.982742309570312,19.069028854370117,19.2143497467041,23997800.0,12.973174095153809
2007-01-24,19.427793502807617,19.187103271484375,19.196186065673828,19.250680923461914,20948700.0,12.997703552246094
2007-01-25,19.34604835510254,18.91008186340332,19.150772094726562,18.941871643066406,29511200.0,12.789196968078613
2007-01-26,19.118982315063477,18.78292465209961,18.960037231445312,18.932788848876953,21393300.0,12.783068656921387
2007-01-29,19.477746963500977,18.97365951538086,19.028156280517578,19.264305114746094,34421000.0,13.006905555725098
2007-01-30,19.62761116027832,19.22797393798828,19.300636291503906,19.577655792236328,29978600.0,13.21847152709961
2007-01-31,19.736602783203125,19.45958137512207,19.52770233154297,19.65485954284668,23779600.0,13.270599365234375
2007-02-01,19.582197189331055,19.178020477294922,19.34604835510254,19.237056732177734,36162100.0,12.988504409790039
2007-02-02,19.386920928955078,19.046321868896484,19.282470703125,19.105358123779297,25295400.0,12.899585723876953
2007-02-05,19.52770233154297,19.07811164855957,19.096275329589844,19.441417694091797,22046600.0,13.126480102539062
2007-02-06,19.42325210571289,18.969118118286133,19.42325210571289,19.07811164855957,37591800.0,12.881187438964844
2007-02-07,19.386920928955078,19.073570251464844,19.073570251464844,19.209808349609375,21594500.0,12.97010612487793
2007-02-08,19.43687629699707,19.2143497467041,19.300636291503906,19.287012100219727,20760600.0,13.022236824035645
2007-02-09,19.40962791442871,19.118982315063477,19.368755340576172,19.178020477294922,17636900.0,12.948643684387207
2007-02-12,19.300636291503906,19.10081672668457,19.287012100219727,19.118982315063477,17978400.0,12.908787727355957
2007-02-13,19.42325210571289,19.10081672668457,19.178020477294922,19.341506958007812,18441500.0,13.059025764465332
2007-02-14,19.523160934448242,19.24159812927246,19.341506958007812,19.45050048828125,18216900.0,13.132620811462402
2007-02-15,19.518619537353516,19.33242416381836,19.400545120239258,19.38237953186035,27669400.0,13.086626052856445
2007-02-16,19.43687629699707,19.291553497314453,19.32334327697754,19.42325210571289,22577900.0,13.114216804504395
2007-02-20,19.636693954467773,19.300636291503906,19.327884674072266,19.58673858642578,37980700.0,13.224601745605469
2007-02-21,19.123523712158203,18.6557674407959,19.123523712158203,18.66485023498535,80903200.0,12.60216236114502
2007-02-22,18.75567626953125,18.260671615600586,18.71934700012207,18.519527435302734,55800000.0,12.504042625427246
2007-02-23,18.6557674407959,18.433242797851562,18.569482803344727,18.53769302368164,31817300.0,12.51630687713623
2007-02-26,18.57856559753418,18.274295806884766,18.57856559753418,18.2970027923584,29298000.0,12.353797912597656
2007-02-27,18.074478149414062,17.470481872558594,17.96094512939453,17.674840927124023,56711600.0,11.933723449707031
2007-02-28,17.983652114868164,17.4886474609375,17.556766510009766,17.8701171875,58010500.0,12.065571784973145
2007-03-01,17.892824172973633,17.325159072875977,17.55222511291504,17.67938232421875,49564100.0,11.936790466308594
2007-03-02,17.801998138427734,17.506811141967773,17.67938232421875,17.561307907104492,32463800.0,11.857068061828613
2007-03-05,17.91098976135254,17.325159072875977,17.470481872558594,17.597639083862305,41674600.0,11.881599426269531
2007-03-06,18.07901954650879,17.72025489807129,17.75658416748047,17.906448364257812,40928500.0,12.09010124206543
2007-03-07,18.34695816040039,17.9382381439209,17.951862335205078,18.24250602722168,47019300.0,12.317001342773438
2007-03-08,18.401453018188477,18.233423233032227,18.392370223999023,18.287919998168945,29577900.0,12.347662925720215
2007-03-09,18.401453018188477,17.94732093811035,18.35603904724121,18.215259552001953,38339900.0,12.298604011535645
2007-03-12,18.38328742980957,18.119890213012695,18.12897300720215,18.33333396911621,24779500.0,12.432931900024414
2007-03-13,18.33333396911621,17.915531158447266,18.188011169433594,17.96094512939453,30726900.0,12.180394172668457
2007-03-14,18.156221389770508,17.838329315185547,18.029064178466797,18.069936752319336,38717900.0,12.254303932189941
2007-03-15,18.101726531982422,17.920072555541992,18.019981384277344,18.029064178466797,28116800.0,12.226587295532227
2007-03-16,18.301544189453125,18.097185134887695,18.25613021850586,18.124431610107422,53103200.0,12.291261672973633
2007-03-19,18.310626983642578,18.12897300720215,18.16530418395996,18.260671615600586,24379600.0,12.383655548095703
2007-03-20,18.278837203979492,17.965486526489258,18.197093963623047,17.988191604614258,48514600.0,12.198867797851562
2007-03-21,18.374204635620117,17.970027923583984,18.042688369750977,18.251588821411133,34317500.0,12.377493858337402
2007-03-22,18.415077209472656,18.10626792907715,18.392370223999023,18.36966323852539,29261700.0,12.457568168640137
2007-03-23,18.43778419494629,18.188011169433594,18.28337860107422,18.360580444335938,30739000.0,12.451406478881836
2007-03-26,18.415077209472656,18.16530418395996,18.365121841430664,18.365121841430664,23091400.0,12.454487800598145
2007-03-27,18.33333396911621,18.210718154907227,18.25613021850586,18.26975440979004,26206000.0,12.389813423156738
2007-03-28,18.247047424316406,17.951862335205078,18.16530418395996,18.069936752319336,27575600.0,12.254303932189941
2007-03-29,18.228883743286133,18.01089859008789,18.142597198486328,18.16530418395996,24471700.0,12.318981170654297
2007-03-30,18.33333396911621,17.933696746826172,18.210718154907227,18.228883743286133,31237100.0,12.362096786499023
2007-04-02,18.35603904724121,18.188011169433594,18.33333396911621,18.30608558654785,25056100.0,12.414454460144043
2007-04-03,18.61489486694336,18.31970977783203,18.324251174926758,18.569482803344727,26287200.0,12.59307861328125
2007-04-04,18.673933029174805,18.505903244018555,18.619436264038086,18.66485023498535,27442600.0,12.657752990722656
2007-04-05,19.019073486328125,18.53769302368164,18.610353469848633,18.982742309570312,32912600.0,12.873336791992188
2007-04-09,18.969118118286133,18.746593475341797,18.941871643066406,18.773841857910156,18629100.0,12.73166561126709
2007-04-10,19.019073486328125,18.324251174926758,18.79654884338379,18.492279052734375,33597000.0,12.540717124938965
2007-04-11,18.569482803344727,18.310626983642578,18.528610229492188,18.4968204498291,22740200.0,12.543798446655273
2007-04-12,18.714805603027344,18.365121841430664,18.446866989135742,18.673933029174805,22314600.0,12.66391372680664
2007-04-13,18.79654884338379,18.4968204498291,18.673933029174805,18.701181411743164,23081100.0,12.682391166687012
2007-04-16,18.737510681152344,18.52406883239746,18.701181411743164,18.70572280883789,22877000.0,12.685470581054688
2007-04-17,18.714805603027344,18.483196258544922,18.6557674407959,18.714805603027344,27074900.0,12.691628456115723
2007-04-18,18.673933029174805,18.374204635620117,18.619436264038086,18.610353469848633,27322800.0,12.620796203613281
2007-04-19,18.86920928955078,18.583106994628906,18.610353469848633,18.687557220458984,26260100.0,12.673151969909668
2007-04-20,18.89645767211914,18.66485023498535,18.82379722595215,18.787466049194336,25533500.0,12.740907669067383
2007-04-23,18.93733024597168,18.619436264038086,18.710264205932617,18.805631637573242,23558500.0,12.75322437286377
2007-04-24,19.073570251464844,18.687557220458984,18.91008186340332,18.914623260498047,27282100.0,12.827139854431152
2007-04-25,19.069028854370117,18.914623260498047,18.982742309570312,19.0145320892334,22788000.0,12.89489459991455
2007-04-26,19.187103271484375,18.864667892456055,18.914623260498047,19.091733932495117,31557000.0,12.947244644165039
2007-04-27,19.246139526367188,19.05086326599121,19.073570251464844,19.20526885986328,21923900.0,13.024242401123047
2007-04-30,19.341506958007812,19.118982315063477,19.137147903442383,19.137147903442383,23404100.0,12.978047370910645
2007-05-01,19.52770233154297,19.137147903442383,19.137147903442383,19.491371154785156,37568100.0,13.218266487121582
2007-05-02,19.568574905395508,19.427793502807617,19.427793502807617,19.495912551879883,23261200.0,13.221349716186523
2007-05-03,19.618528366088867,19.427793502807617,19.523160934448242,19.45050048828125,19835800.0,13.190552711486816
2007-05-04,19.918256759643555,19.577655792236328,19.695730209350586,19.88646697998047,36236100.0,13.486202239990234
2007-05-07,19.95912742614746,19.800182342529297,19.84559440612793,19.891008377075195,22357100.0,13.489285469055176
2007-05-08,20.495004653930664,19.97275161743164,20.349681854248047,20.440507888793945,87662900.0,13.861934661865234
2007-05-09,20.531335830688477,20.208900451660156,20.3587646484375,20.404178619384766,36399500.0,13.837294578552246
2007-05-10,20.363306045532227,20.15440559387207,20.277021408081055,20.286104202270508,30263800.0,13.757224082946777
2007-05-11,20.56312370300293,20.208900451660156,20.23160743713379,20.544960021972656,22283700.0,13.932764053344727
2007-05-14,20.572206497192383,20.349681854248047,20.572206497192383,20.445049285888672,20733500.0,13.865010261535645
2007-05-15,20.594913482666016,20.286104202270508,20.349681854248047,20.322433471679688,26218100.0,13.781853675842285
2007-05-16,20.54041862487793,20.122615814208984,20.522253036499023,20.531335830688477,41071400.0,13.923528671264648
2007-05-17,20.712987899780273,20.16802978515625,20.65395164489746,20.376930236816406,50365200.0,13.818815231323242
2007-05-18,20.454132080078125,20.049955368041992,20.454132080078125,20.24523162841797,39197500.0,13.729503631591797
2007-05-21,20.672115325927734,20.14078140258789,20.18165397644043,20.535877227783203,42418400.0,13.926607131958008
2007-05-22,20.781108856201172,20.43596649169922,20.517711639404297,20.699363708496094,32954600.0,14.037479400634766
2007-05-23,20.940053939819336,20.699363708496094,20.799272537231445,20.722070693969727,43219500.0,14.052877426147461
2007-05-24,20.83106231689453,20.54949951171875,20.649410247802734,20.61762046813965,42303500.0,13.982046127319336
2007-05-25,20.83106231689453,20.581289291381836,20.663034439086914,20.717529296875,35747200.0,14.049800872802734
2007-05-29,20.826520919799805,20.54041862487793,20.66757583618164,20.69028091430664,31312800.0,14.031315803527832
2007-05-30,20.753860473632812,20.504087448120117,20.52679443359375,20.740236282348633,24812700.0,14.065196990966797
2007-05-31,20.826520919799805,20.66757583618164,20.712987899780273,20.75840187072754,33441300.0,14.077520370483398
2007-06-01,20.890100479125977,20.753860473632812,20.781108856201172,20.803813934326172,34286200.0,14.108317375183105
2007-06-04,20.890100479125977,20.558582305908203,20.781108856201172,20.881017684936523,24837200.0,14.16066837310791
2007-06-05,20.92188835144043,20.672115325927734,20.767484664916992,20.853769302368164,30850600.0,14.142186164855957
2007-06-06,20.97638511657715,20.67665672302246,20.799272537231445,20.903724670410156,34259800.0,14.176066398620605
2007-06-07,20.971843719482422,20.599454879760742,20.776567459106445,20.622161865234375,38741500.0,13.98512077331543
2007-06-08,20.799272537231445,20.454132080078125,20.581289291381836,20.790191650390625,29886600.0,14.099069595336914
2007-06-11,21.021799087524414,20.644868850708008,20.799272537231445,20.840145111083984,28195200.0,14.187546730041504
2007-06-12,20.849227905273438,20.4495906829834,20.699363708496094,20.463214874267578,37302700.0,13.93093490600586
2007-06-13,20.663034439086914,20.349681854248047,20.51317024230957,20.663034439086914,35349800.0,14.066967010498047
2007-06-14,20.84468650817871,20.581289291381836,20.753860473632812,20.740236282348633,24923700.0,14.119529724121094
2007-06-15,20.903724670410156,20.75840187072754,20.803813934326172,20.75840187072754,41189500.0,14.131898880004883
2007-06-18,20.867393493652344,20.685739517211914,20.726612091064453,20.840145111083984,26557200.0,14.187546730041504
2007-06-19,20.92188835144043,20.67665672302246,20.799272537231445,20.84468650817871,26746800.0,14.190632820129395
2007-06-20,20.890100479125977,20.4495906829834,20.890100479125977,20.454132080078125,30600000.0,13.924755096435547
2007-06-21,20.712987899780273,20.390554428100586,20.508628845214844,20.663034439086914,32981500.0,14.066967010498047
2007-06-22,20.799272537231445,20.467756271362305,20.663034439086914,20.517711639404297,50540700.0,13.968038558959961
2007-06-25,20.685739517211914,20.326974868774414,20.481380462646484,20.408720016479492,30778400.0,13.893837928771973
2007-06-26,20.59037208557129,20.186193466186523,20.49954605102539,20.272480010986328,34211300.0,13.801090240478516
2007-06-27,20.567665100097656,20.23160743713379,20.236148834228516,20.522253036499023,25205400.0,13.971131324768066
2007-06-28,20.59037208557129,20.186193466186523,20.41326141357422,20.25885581970215,25012200.0,13.79180908203125
2007-06-29,20.6267032623291,20.09990882873535,20.34514045715332,20.263397216796875,30598900.0,13.794903755187988
2007-07-02,20.599454879760742,20.354223251342773,20.54949951171875,20.522253036499023,20762200.0,13.971131324768066
2007-07-03,20.722070693969727,20.51317024230957,20.54949951171875,20.699363708496094,11536000.0,14.091703414916992
2007-07-05,20.876476287841797,20.504087448120117,20.599454879760742,20.84468650817871,19366800.0,14.190632820129395
2007-07-06,20.890100479125977,20.66757583618164,20.803813934326172,20.881017684936523,18428000.0,14.215371131896973
2007-07-09,20.81743812561035,20.585830688476562,20.81743812561035,20.599454879760742,23045900.0,14.023686408996582
2007-07-10,20.69028091430664,20.390554428100586,20.572206497192383,20.408720016479492,26759300.0,13.893837928771973
2007-07-11,20.73115348815918,20.29518699645996,20.34514045715332,20.73115348815918,40089600.0,14.113349914550781
2007-07-12,21.63033676147461,20.663034439086914,20.799272537231445,21.5031795501709,55380000.0,14.638924598693848
2007-07-13,21.498638153076172,21.162578582763672,21.366939544677734,21.457765579223633,30140500.0,14.608002662658691
2007-07-16,21.566757202148438,21.29427719116211,21.3442325592041,21.544050216674805,26158800.0,14.66674518585205
2007-07-17,21.74386978149414,21.353315353393555,21.516803741455078,21.57583999633789,26196500.0,14.688386917114258
2007-07-18,21.594005584716797,21.171661376953125,21.40781021118164,21.40781021118164,22342500.0,14.57399845123291
2007-07-19,22.29336929321289,21.580381393432617,21.580381393432617,21.980018615722656,37799300.0,14.963545799255371
2007-07-20,22.2207088470459,21.857402801513672,22.02543067932129,22.043596267700195,33178800.0,15.006831169128418
2007-07-23,22.252498626708984,21.939146041870117,22.029972076416016,21.993642807006836,23579600.0,14.972818374633789
2007-07-24,22.10263442993164,21.580381393432617,21.980018615722656,21.621253967285156,22914400.0,14.719303131103516
2007-07-25,22.043596267700195,21.412351608276367,21.752952575683594,21.58946418762207,25140800.0,14.697667121887207
2007-07-26,21.857402801513672,21.053586959838867,21.54859161376953,21.389646530151367,47845700.0,14.561633110046387
2007-07-27,21.539508819580078,21.099000930786133,21.43505859375,21.099000930786133,29038400.0,14.363768577575684
2007-07-30,21.20345115661621,20.781108856201172,21.10354232788086,20.953678131103516,28436600.0,14.264832496643066
2007-07-31,21.38510513305664,20.876476287841797,21.112625122070312,20.903724670410156,32341800.0,14.230828285217285
2007-08-01,21.30790138244629,20.708446502685547,20.908266067504883,21.221616744995117,33589700.0,14.447244644165039
2007-08-02,21.98910140991211,21.366939544677734,21.366939544677734,21.902814865112305,40744000.0,14.910984992980957
2007-08-03,22.184377670288086,20.890100479125977,21.830154418945312,21.530426025390625,38206200.0,14.657471656799316
2007-08-06,22.034513473510742,21.594005584716797,21.598546981811523,22.007266998291016,40357500.0,14.98210334777832
2007-08-07,22.247957229614258,21.78019905090332,21.957311630249023,22.016347885131836,34619600.0,14.988277435302734
2007-08-08,22.633968353271484,22.11625862121582,22.202543258666992,22.43415069580078,52203000.0,15.272706985473633
2007-08-09,22.343324661254883,21.353315353393555,21.998184204101562,21.353315353393555,53269000.0,14.536896705627441
2007-08-10,21.88465118408203,21.108083724975586,21.1444149017334,21.439599990844727,40367900.0,14.595640182495117
2007-08-13,22.198001861572266,21.7029972076416,21.789281845092773,21.993642807006836,39563700.0,14.972818374633789
2007-08-14,22.143505096435547,21.30790138244629,22.111717224121094,21.471389770507812,40532600.0,14.617280006408691
2007-08-15,21.612171173095703,20.867393493652344,21.3442325592041,20.958219528198242,44910400.0,14.267926216125488
2007-08-16,21.030881881713867,19.81834602355957,20.99909210205078,20.91280746459961,78414300.0,14.237010955810547
2007-08-17,21.911897659301758,21.035423278808594,21.707538604736328,21.412351608276367,65244500.0,14.577088356018066
2007-08-20,21.54859161376953,20.84468650817871,21.48955535888672,21.15349769592285,37040500.0,14.40086555480957
2007-08-21,21.276113510131836,20.812896728515625,21.1671199798584,20.894641876220703,33358900.0,14.224642753601074
2007-08-22,21.180744171142578,20.8083553314209,21.135332107543945,21.080835342407227,34051200.0,14.351400375366211
2007-08-23,21.725704193115234,21.02634048461914,21.121707916259766,21.639419555664062,32248700.0,14.731675148010254
2007-08-24,21.875568389892578,21.5258846282959,21.571298599243164,21.843778610229492,24581500.0,14.870792388916016
2007-08-27,21.898273468017578,21.69391441345215,21.798364639282227,21.7029972076416,19972500.0,14.774951934814453
2007-08-28,21.789281845092773,21.262489318847656,21.61671257019043,21.289735794067383,25136400.0,14.493616104125977
2007-08-29,22.143505096435547,21.32152557373047,21.32152557373047,21.98910140991211,30796700.0,14.969722747802734
2007-08-30,22.247957229614258,21.78019905090332,21.82107162475586,21.998184204101562,24302800.0,14.975913047790527
2007-08-31,22.5794734954834,22.111717224121094,22.238874435424805,22.41144371032715,39402300.0,15.25724983215332
2007-09-04,22.920072555541992,22.275203704833984,22.27974510192871,22.77020835876465,48633500.0,15.50149917602539
2007-09-05,22.774749755859375,22.52497673034668,22.593097686767578,22.752042770385742,36582400.0,15.489126205444336
2007-09-06,22.89736557006836,22.633968353271484,22.774749755859375,22.79291534423828,27369900.0,15.516950607299805
2007-09-07,22.63850975036621,22.00272560119629,22.502269744873047,22.184377670288086,33382700.0,15.10267448425293
2007-09-10,22.43415069580078,21.952770233154297,22.252498626708984,22.252498626708984,19192600.0,15.203877449035645
2007-09-11,22.729337692260742,22.316076278686523,22.388736724853516,22.647592544555664,24788100.0,15.473816871643066
2007-09-12,22.65213394165039,22.048137664794922,22.62488555908203,22.143505096435547,31333300.0,15.129399299621582
2007-09-13,22.36149024963379,21.97547721862793,22.11625862121582,22.148046493530273,30942200.0,15.1325044631958
2007-09-14,22.13896369934082,21.662124633789062,22.02543067932129,21.970935821533203,36575200.0,15.011494636535645
2007-09-17,22.4886474609375,21.89373207092285,21.92098045349121,22.316076278686523,32000500.0,15.24731159210205
2007-09-18,22.8701171875,21.866485595703125,22.456857681274414,22.783832550048828,31718000.0,15.566903114318848
2007-09-19,22.94732093811035,22.43415069580078,22.82016372680664,22.606721878051758,44937900.0,15.445890426635742
2007-09-20,22.842870712280273,22.502269744873047,22.502269744873047,22.752042770385742,25195700.0,15.545184135437012
2007-09-21,23.142597198486328,22.752042770385742,22.89736557006836,22.94732093811035,51882200.0,15.67860221862793
2007-09-24,23.15167999267578,22.783832550048828,23.03814697265625,22.815622329711914,24490200.0,15.58862590789795
2007-09-25,23.160762786865234,22.724796295166016,22.724796295166016,23.15167999267578,29547300.0,15.818227767944336
2007-09-26,23.201635360717773,22.915531158447266,23.156221389770508,22.988191604614258,30356700.0,15.706527709960938
2007-09-27,23.183469772338867,22.783832550048828,23.056312561035156,22.829246520996094,24937400.0,15.597935676574707
2007-09-28,22.851953506469727,22.502269744873047,22.801998138427734,22.611263275146484,24301700.0,15.449004173278809
2007-10-01,23.228883743286133,22.606721878051758,22.620346069335938,23.15167999267578,25105400.0,15.818227767944336
2007-10-02,23.197093963623047,22.851953506469727,23.10626792907715,23.17892837524414,18892400.0,15.836845397949219
2007-10-03,23.088102340698242,22.765666961669922,23.042688369750977,22.8701171875,21625800.0,15.625856399536133
2007-10-04,22.965486526489258,22.711172103881836,22.892824172973633,22.920072555541992,14057100.0,15.65998363494873
2007-10-05,23.265213012695312,22.956403732299805,23.006357192993164,23.11534881591797,25659400.0,15.793412208557129
2007-10-08,23.696640014648438,23.119890213012695,23.124431610107422,23.62851905822754,27702200.0,16.144027709960938
2007-10-09,23.837421417236328,23.492279052734375,23.70572280883789,23.82379722595215,21370100.0,16.27745246887207
2007-10-10,23.941871643066406,23.61489486694336,23.78292465209961,23.72842788696289,19969200.0,16.21228790283203
2007-10-11,23.905540466308594,23.233423233032227,23.8328800201416,23.43778419494629,24259400.0,16.013710021972656
2007-10-12,23.60127067565918,23.2970027923584,23.351499557495117,23.41053581237793,20366000.0,15.995094299316406
2007-10-15,23.569482803344727,23.074478149414062,23.41053581237793,23.26975440979004,16328900.0,15.898900985717773
2007-10-16,23.56494140625,23.19255256652832,23.197093963623047,23.392370223999023,17674700.0,15.982681274414062
2007-10-17,23.955495834350586,23.6557674407959,23.787466049194336,23.860126495361328,27190900.0,16.302274703979492
2007-10-18,24.069028854370117,23.623977661132812,23.837421417236328,24.009990692138672,19066000.0,16.404666900634766
2007-10-19,24.02361488342285,23.2970027923584,23.841960906982422,23.342416763305664,31380900.0,15.948552131652832
2007-10-22,23.365121841430664,22.82016372680664,23.083560943603516,23.292461395263672,24672000.0,15.914420127868652
2007-10-23,23.61489486694336,23.174386978149414,23.514986038208008,23.55131721496582,21362000.0,16.091276168823242
2007-10-24,23.546775817871094,22.901906967163086,23.4741153717041,23.433242797851562,27986000.0,16.010602951049805
2007-10-25,23.60127067565918,23.1380558013916,23.378746032714844,23.337875366210938,26143400.0,15.945455551147461
2007-10-26,23.905540466308594,23.596731185913086,23.701181411743164,23.828338623046875,26237200.0,16.280548095703125
2007-10-29,23.828338623046875,23.41053581237793,23.778383255004883,23.51044464111328,26631200.0,16.0633544921875
2007-10-30,23.60127067565918,23.387828826904297,23.45140838623047,23.428701400756836,18903000.0,16.00750160217285
2007-10-31,23.59218978881836,23.17892837524414,23.48773765563965,23.469573974609375,27490200.0,16.035430908203125
2007-11-01,23.751134872436523,23.233423233032227,23.260671615600586,23.387828826904297,34915100.0,15.979580879211426
2007-11-02,23.828338623046875,23.387828826904297,23.569482803344727,23.79654884338379,30892900.0,16.258838653564453
2007-11-05,23.996366500854492,23.519527435302734,23.62851905822754,23.860126495361328,26351100.0,16.302274703979492
2007-11-06,24.287012100219727,23.84650230407715,23.84650230407715,24.25522232055664,30084600.0,16.57221221923828
2007-11-07,24.250680923461914,23.501361846923828,24.005449295043945,23.542234420776367,31606600.0,16.0850772857666
2007-11-08,23.660308837890625,22.02543067932129,23.560400009155273,22.67938232421875,54678000.0,15.49554443359375
2007-11-09,22.44777488708496,21.739328384399414,22.33424186706543,21.97547721862793,44514900.0,15.014599800109863
2007-11-12,22.225250244140625,21.54859161376953,21.766576766967773,21.58946418762207,34071300.0,14.750862121582031
2007-11-13,22.502269744873047,21.839237213134766,21.911897659301758,22.479564666748047,36695600.0,15.359007835388184
2007-11-14,22.801998138427734,22.19346046447754,22.801998138427734,22.284286499023438,29105100.0,15.225598335266113
2007-11-15,22.52497673034668,22.057220458984375,22.161670684814453,22.20708465576172,30042900.0,15.172844886779785
2007-11-16,23.047229766845703,22.470481872558594,22.761125564575195,23.047229766845703,48557800.0,15.746869087219238
2007-11-19,23.392370223999023,22.366031646728516,23.101726531982422,22.452316284179688,59922100.0,15.340394020080566
2007-11-20,23.019981384277344,22.079927444458008,22.970027923583984,22.506811141967773,71499100.0,15.377632141113281
2007-11-21,22.670299530029297,22.007266998291016,22.007266998291016,22.198001861572266,31647800.0,15.166638374328613
2007-11-23,22.470481872558594,22.20708465576172,22.452316284179688,22.329700469970703,10267400.0,15.25661849975586
2007-11-26,22.52497673034668,21.816530227661133,22.32061767578125,21.87102699279785,35100300.0,14.943236351013184
2007-11-27,22.261579513549805,21.84832000732422,21.939146041870117,22.120800018310547,34609900.0,15.113890647888184
2007-11-28,23.160762786865234,22.198001861572266,22.329700469970703,23.03814697265625,37406900.0,15.74066162109375
2007-11-29,23.387828826904297,22.865577697753906,22.879199981689453,23.183469772338867,24286500.0,15.83995246887207
2007-11-30,23.51044464111328,22.788373947143555,23.415077209472656,23.233423233032227,44869000.0,15.8740816116333
2007-12-03,23.25613021850586,22.829246520996094,22.942779541015625,22.906448364257812,22036700.0,15.650679588317871
2007-12-04,23.36966323852539,22.711172103881836,22.724796295166016,23.029064178466797,26954400.0,15.734456062316895
2007-12-05,23.505903244018555,23.17892837524414,23.197093963623047,23.460491180419922,25669500.0,16.029226303100586
2007-12-06,23.723886489868164,23.24250602722168,23.45140838623047,23.710264205932617,22898800.0,16.19987678527832
2007-12-07,23.919164657592773,23.469573974609375,23.801090240478516,23.542234420776367,19687400.0,16.0850772857666
2007-12-10,23.70572280883789,23.265213012695312,23.6557674407959,23.60127067565918,27889200.0,16.180395126342773
2007-12-11,23.737510681152344,22.99727439880371,23.433242797851562,23.060853958129883,29917000.0,15.80989933013916
2007-12-12,23.70572280883789,23.210718154907227,23.533151626586914,23.401453018188477,31820800.0,16.043407440185547
2007-12-13,23.819255828857422,23.251588821411133,23.251588821411133,23.78292465209961,26713300.0,16.304931640625
2007-12-14,24.00090789794922,23.583106994628906,23.583106994628906,23.67847442626953,29050500.0,16.233322143554688
2007-12-17,23.637601852416992,23.06539535522461,23.528610229492188,23.12897300720215,24694700.0,15.85660171508789
2007-12-18,23.505903244018555,23.10626792907715,23.251588821411133,23.169845581054688,26530500.0,15.884617805480957
2007-12-19,23.41053581237793,23.042688369750977,23.156221389770508,23.228883743286133,22024100.0,15.925095558166504
2007-12-20,23.569482803344727,23.060853958129883,23.351499557495117,23.233423233032227,20014100.0,15.928207397460938
2007-12-21,23.69209861755371,23.378746032714844,23.387828826904297,23.62851905822754,37873700.0,16.199073791503906
2007-12-24,23.8328800201416,23.53769302368164,23.605812072753906,23.760217666625977,8512000.0,16.289363861083984
2007-12-26,24.02361488342285,23.60127067565918,23.751134872436523,23.964576721191406,13257100.0,16.42946434020996
2007-12-27,23.900999069213867,23.392370223999023,23.683015823364258,23.43778419494629,17697900.0,16.068313598632812
2007-12-28,23.61489486694336,23.274295806884766,23.401453018188477,23.324251174926758,15323000.0,15.990482330322266
2007-12-31,23.2970027923584,22.888282775878906,23.292461395263672,22.92461395263672,18880100.0,15.71650218963623
2008-01-02,23.15167999267578,22.36149024963379,22.92461395263672,22.547683715820312,30826200.0,15.45808219909668
2008-01-03,22.629426956176758,22.288827896118164,22.46139907836914,22.547683715820312,23538200.0,15.45808219909668
2008-01-04,22.338783264160156,21.1444149017334,22.161670684814453,21.285194396972656,54436900.0,14.592554092407227
2008-01-07,21.412351608276367,20.07720184326172,21.37148094177246,20.594913482666016,69337000.0,14.11931324005127
2008-01-08,20.89918327331543,19.536785125732422,20.66757583618164,19.61398696899414,94068300.0,13.44682502746582
2008-01-09,20.263397216796875,19.418710708618164,19.582197189331055,20.18165397644043,67394400.0,13.835990905761719
2008-01-10,20.867393493652344,19.990917205810547,19.990917205810547,20.59037208557129,54328800.0,14.116205215454102
2008-01-11,20.73115348815918,20.367847442626953,20.663034439086914,20.43596649169922,40140000.0,14.010343551635742
2008-01-14,21.298818588256836,20.835603713989258,21.194368362426758,20.94913673400879,41575500.0,14.362162590026855
2008-01-15,20.77202606201172,20.43596649169922,20.708446502685547,20.45867347717285,35336800.0,14.025911331176758
2008-01-16,20.52679443359375,19.81834602355957,19.891008377075195,20.136240005493164,61638300.0,13.804865837097168
2008-01-17,20.34514045715332,19.300636291503906,20.186193466186523,19.52770233154297,53745300.0,13.387665748596191
2008-01-18,20.11353302001953,19.532243728637695,19.891008377075195,19.868301391601562,55236500.0,13.621171951293945
2008-01-22,19.75476837158203,18.392370223999023,18.392370223999023,19.400545120239258,71427300.0,13.300492286682129
2008-01-23,19.62761116027832,18.160762786865234,18.891916275024414,19.61398696899414,74560800.0,13.44682502746582
2008-01-24,20.517711639404297,19.291553497314453,19.65485954284668,20.38601303100586,49071700.0,13.976099967956543
2008-01-25,20.7856502532959,19.800182342529297,20.781108856201172,19.863759994506836,46897300.0,13.618057250976562
2008-01-28,20.34514045715332,19.713895797729492,19.868301391601562,19.891008377075195,31277200.0,13.636740684509277
2008-01-29,20.004541397094727,19.45958137512207,20.004541397094727,19.700271606445312,46600900.0,13.505976676940918
2008-01-30,20.11353302001953,19.45958137512207,19.58673858642578,19.772933959960938,43454900.0,13.555789947509766
2008-01-31,20.086284637451172,19.209808349609375,19.50045394897461,19.854677200317383,48722100.0,13.611830711364746
2008-02-01,20.186193466186523,19.736602783203125,19.881925582885742,20.172571182250977,40343700.0,13.829773902893066
2008-02-04,20.29518699645996,19.918256759643555,20.095367431640625,20.009082794189453,27414900.0,13.71768856048584
2008-02-05,19.95912742614746,19.441417694091797,19.95912742614746,19.518619537353516,40007000.0,13.38143539428711
2008-02-06,19.7320613861084,19.10081672668457,19.61398696899414,19.146230697631836,41052100.0,13.126137733459473
2008-02-07,18.982742309570312,18.237964630126953,18.982742309570312,18.392370223999023,107215100.0,12.6093111038208
2008-02-08,19.164396286010742,18.419618606567383,18.501361846923828,19.019073486328125,49548000.0,13.03896427154541
2008-02-11,19.35967254638672,19.041780471801758,19.18256187438965,19.35967254638672,29752500.0,13.272470474243164
2008-02-12,19.713895797729492,19.223432540893555,19.427793502807617,19.47320556640625,43568300.0,13.35030746459961
2008-02-13,20.199817657470703,19.582197189331055,19.582197189331055,20.004541397094727,38519500.0,13.714580535888672
2008-02-14,19.80926513671875,19.432334899902344,19.777475357055664,19.645776748657227,43709200.0,13.46861457824707
2008-02-15,20.11353302001953,19.441417694091797,19.595821380615234,19.92279815673828,41743500.0,13.658534049987793
2008-02-19,20.51317024230957,19.95912742614746,20.16802978515625,19.95912742614746,70195100.0,13.683441162109375
2008-02-20,21.675748825073242,20.663034439086914,20.826520919799805,21.544050216674805,88567700.0,14.77001667022705
2008-02-21,21.725704193115234,21.135332107543945,21.54859161376953,21.267030715942383,42128000.0,14.580103874206543
2008-02-22,21.566757202148438,21.04904556274414,21.312442779541016,21.5258846282959,31144200.0,14.75756549835205
2008-02-25,21.94822883605957,21.412351608276367,21.498638153076172,21.857402801513672,37159800.0,14.984847068786621
2008-02-26,22.56584930419922,21.634878158569336,21.752952575683594,22.343324661254883,44991900.0,15.317985534667969
2008-02-27,22.47502326965332,22.093551635742188,22.252498626708984,22.225250244140625,31914400.0,15.237032890319824
2008-02-28,22.161670684814453,21.87102699279785,22.07538604736328,22.048137664794922,34746600.0,15.115608215332031
2008-02-29,22.079927444458008,21.621253967285156,21.84832000732422,21.69391441345215,31239700.0,14.872761726379395
2008-03-03,21.74386978149414,21.40781021118164,21.625795364379883,21.61671257019043,26813900.0,14.819832801818848
2008-03-04,22.034513473510742,21.339691162109375,21.480472564697266,22.00272560119629,35650100.0,15.084477424621582
2008-03-05,22.184377670288086,21.707538604736328,22.066303253173828,21.939146041870117,27464600.0,15.040884971618652
2008-03-06,22.161670684814453,21.657583236694336,21.80744743347168,21.698455810546875,35416500.0,14.875875473022461
2008-03-07,21.875568389892578,21.226158142089844,21.485013961791992,21.485013961791992,27717400.0,14.729545593261719
2008-03-10,21.53496742248535,21.1671199798584,21.46230697631836,21.212533950805664,25183100.0,14.597095489501953
2008-03-11,21.798364639282227,21.1671199798584,21.648500442504883,21.762035369873047,32002100.0,14.975229263305664
2008-03-12,21.7938232421875,21.394187927246094,21.64396095275879,21.466848373413086,26981700.0,14.7720947265625
2008-03-13,21.580381393432617,20.930971145629883,21.158039093017578,21.353315353393555,34488100.0,14.6939697265625
2008-03-14,21.5031795501709,20.481380462646484,21.498638153076172,20.853769302368164,40414400.0,14.350213050842285
2008-03-17,21.33514976501465,20.208900451660156,20.39963722229004,21.080835342407227,38639100.0,14.506467819213867
2008-03-18,21.766576766967773,21.25794792175293,21.376022338867188,21.766576766967773,33076600.0,14.978348731994629
2008-03-19,21.725704193115234,21.139873504638672,21.571298599243164,21.158039093017578,45659300.0,14.559590339660645
2008-03-20,21.498638153076172,20.980926513671875,21.185285568237305,21.11716651916504,62210400.0,14.531468391418457
2008-03-24,22.016347885131836,21.021799087524414,21.212533950805664,21.766576766967773,36454300.0,14.978348731994629
2008-03-25,22.011808395385742,21.61671257019043,21.73024559020996,21.916439056396484,23042800.0,15.081475257873535
2008-03-26,21.90735626220703,21.194368362426758,21.802906036376953,21.498638153076172,30242700.0,14.79396915435791
2008-03-27,21.498638153076172,21.085376739501953,21.39872932434082,21.180744171142578,26909100.0,14.575217247009277
2008-03-28,21.43505859375,20.85831069946289,21.32152557373047,20.930971145629883,22426200.0,14.403340339660645
2008-03-31,21.162578582763672,20.735694885253906,20.890100479125977,20.735694885253906,49361700.0,14.268965721130371
2008-04-01,21.734786987304688,20.940053939819336,20.940053939819336,21.612171173095703,38758700.0,14.87209415435791
2008-04-02,21.798364639282227,21.248865127563477,21.594005584716797,21.44868278503418,28822400.0,14.759591102600098
2008-04-03,21.466848373413086,21.058128356933594,21.28065299987793,21.326066970825195,33455400.0,14.67521858215332
2008-04-04,21.457765579223633,20.97638511657715,21.316984176635742,21.071752548217773,27220000.0,14.500216484069824
2008-04-07,21.312442779541016,20.767484664916992,21.094459533691406,20.853769302368164,31075000.0,14.350213050842285
2008-04-08,20.980926513671875,20.522253036499023,20.685739517211914,20.92188835144043,27289800.0,14.397086143493652
2008-04-09,20.994550704956055,20.554040908813477,20.917346954345703,20.930971145629883,26160200.0,14.403340339660645
2008-04-10,21.267030715942383,20.84468650817871,20.84468650817871,21.148956298828125,23886400.0,14.553342819213867
2008-04-11,21.04904556274414,20.594913482666016,21.01271629333496,20.649410247802734,22629900.0,14.209590911865234
2008-04-14,21.003633499145508,20.535877227783203,20.60399627685547,20.8083553314209,19190400.0,14.318963050842285
2008-04-15,20.94913673400879,20.567665100097656,20.908266067504883,20.8083553314209,18835900.0,14.318963050842285
2008-04-16,21.453224182128906,21.044504165649414,21.11716651916504,21.389646530151367,28398000.0,14.718969345092773
2008-04-17,21.571298599243164,21.21707534790039,21.507720947265625,21.485013961791992,20645000.0,14.784594535827637
2008-04-18,22.02543067932129,21.675748825073242,21.71662139892578,21.880109786987305,36858600.0,15.056471824645996
2008-04-21,22.03905487060547,21.61671257019043,21.775657653808594,22.00272560119629,17836600.0,15.140854835510254
2008-04-22,22.007266998291016,21.671207427978516,21.957311630249023,21.875568389892578,21637500.0,15.053350448608398
2008-04-23,22.0617618560791,21.68029022216797,21.880109786987305,21.80744743347168,23108800.0,15.006477355957031
2008-04-24,22.22979164123535,21.73024559020996,21.80744743347168,21.957311630249023,23119800.0,15.109607696533203
2008-04-25,21.93460464477539,21.239782333374023,21.93460464477539,21.54859161376953,27167300.0,14.828349113464355
2008-04-28,21.752952575683594,21.457765579223633,21.54859161376953,21.612171173095703,17874700.0,14.87209415435791
2008-04-29,21.811988830566406,21.48955535888672,21.612171173095703,21.725704193115234,20826200.0,14.950226783752441
2008-04-30,21.811988830566406,20.940053939819336,21.811988830566406,21.04904556274414,36430300.0,14.484589576721191
2008-05-01,21.880109786987305,21.003633499145508,21.04904556274414,21.811988830566406,36478700.0,15.009598731994629
2008-05-02,22.034513473510742,21.684831619262695,21.930063247680664,21.96185302734375,25672800.0,15.112730979919434
2008-05-05,22.066303253173828,21.707538604736328,21.83469581604004,21.925521850585938,19085800.0,15.08773136138916
2008-05-06,22.188919067382812,21.58946418762207,21.90735626220703,22.08901023864746,25449800.0,15.200225830078125
2008-05-07,22.647592544555664,21.966394424438477,22.057220458984375,22.093551635742188,41361400.0,15.203356742858887
2008-05-08,22.456857681274414,22.007266998291016,22.19346046447754,22.27974510192871,23282800.0,15.33148193359375
2008-05-09,22.41144371032715,22.070844650268555,22.184377670288086,22.311534881591797,21163800.0,15.35335636138916
2008-05-12,22.69300651550293,20.821979522705078,22.429609298706055,21.267030715942383,88435400.0,14.634593963623047
2008-05-13,20.821979522705078,19.650318145751953,20.158946990966797,20.104450225830078,312113000.0,13.834586143493652
2008-05-14,21.108083724975586,20.104450225830078,20.39963722229004,20.726612091064453,121108600.0,14.262715339660645
2008-05-15,21.376022338867188,20.56312370300293,20.83106231689453,21.221616744995117,63124000.0,14.60334300994873
2008-05-16,21.580381393432617,21.030881881713867,21.376022338867188,21.47593116760254,54706000.0,14.77834415435791
2008-05-19,21.82107162475586,21.08991813659668,21.48955535888672,21.212533950805664,45865000.0,14.597095489501953
2008-05-20,21.267030715942383,20.835603713989258,21.198909759521484,21.099000930786133,47797900.0,14.518967628479004
2008-05-21,21.04904556274414,20.163488388061523,20.980926513671875,20.34514045715332,75987200.0,14.000203132629395
2008-05-22,20.581289291381836,20.299728393554688,20.531335830688477,20.390554428100586,64460200.0,14.031464576721191
2008-05-23,20.504087448120117,20.304269790649414,20.340599060058594,20.417802810668945,36950600.0,14.050209045410156
2008-05-27,20.87193489074707,20.440507888793945,20.4495906829834,20.753860473632812,34436400.0,14.281462669372559
2008-05-28,21.185285568237305,20.862852096557617,20.890100479125977,21.126249313354492,39419100.0,14.537723541259766
2008-05-29,21.38510513305664,20.958219528198242,21.108083724975586,21.303359985351562,32093700.0,14.659595489501953
2008-05-30,21.61671257019043,21.30790138244629,21.366939544677734,21.37148094177246,38642600.0,14.70647144317627
2008-06-02,21.348773956298828,20.776567459106445,21.28065299987793,21.003633499145508,32123800.0,14.453339576721191
2008-06-03,21.330608367919922,20.91280746459961,21.148956298828125,20.99909210205078,32110400.0,14.450210571289062
2008-06-04,21.42143440246582,20.89918327331543,20.89918327331543,21.25794792175293,29005100.0,14.628344535827637
2008-06-05,22.134422302246094,21.316984176635742,21.39872932434082,22.029972076416016,50031600.0,15.159598350524902
2008-06-06,22.00272560119629,21.571298599243164,21.839237213134766,21.63033676147461,36927300.0,14.884603500366211
2008-06-09,21.734786987304688,21.425975799560547,21.65304183959961,21.63033676147461,23753600.0,14.939860343933105
2008-06-10,21.875568389892578,21.43505859375,21.43505859375,21.60308837890625,27738500.0,14.921034812927246
2008-06-11,21.580381393432617,21.030881881713867,21.571298599243164,21.108083724975586,31003700.0,14.57913589477539
2008-06-12,21.516803741455078,21.198909759521484,21.235240936279297,21.330608367919922,24474500.0,14.732832908630371
2008-06-13,21.83469581604004,21.38510513305664,21.40781021118164,21.54859161376953,30800200.0,14.883398056030273
2008-06-16,21.811988830566406,21.3442325592041,21.366939544677734,21.607629776000977,22404400.0,14.924171447753906
2008-06-17,21.798364639282227,21.38510513305664,21.748411178588867,21.498638153076172,27297000.0,14.848888397216797
2008-06-18,21.366939544677734,20.917346954345703,21.262489318847656,21.158039093017578,34617400.0,14.613641738891602
2008-06-19,21.316984176635742,20.79473114013672,20.958219528198242,21.158039093017578,31204300.0,14.613641738891602
2008-06-20,21.15349769592285,20.49954605102539,20.91280746459961,20.726612091064453,44324000.0,14.315662384033203
2008-06-23,20.881017684936523,20.59037208557129,20.83106231689453,20.66757583618164,24371900.0,14.274886131286621
2008-06-24,20.649410247802734,20.37238883972168,20.531335830688477,20.454132080078125,37526000.0,14.127461433410645
2008-06-25,20.980926513671875,20.49954605102539,20.49954605102539,20.708446502685547,25854700.0,14.303114891052246
2008-06-26,20.54949951171875,20.09990882873535,20.54949951171875,20.286104202270508,38770300.0,14.011405944824219
2008-06-27,20.3587646484375,19.995458602905273,20.254314422607422,20.24523162841797,31972800.0,13.983176231384277
2008-06-30,20.631244659423828,19.913715362548828,20.38601303100586,20.07720184326172,33923700.0,13.867116928100586
2008-07-01,20.149864196777344,19.604904174804688,19.772933959960938,19.981834411621094,42337100.0,13.801250457763672
2008-07-02,20.186193466186523,19.759309768676758,20.036331176757812,19.804723739624023,23031800.0,13.678922653198242
2008-07-03,19.88646697998047,19.3732967376709,19.800182342529297,19.727519989013672,29976700.0,13.62559700012207
2008-07-07,20.41326141357422,19.70481300354004,19.804723739624023,19.981834411621094,32702700.0,13.801250457763672
2008-07-08,19.954586029052734,19.405086517333984,19.895549774169922,19.7320613861084,39679800.0,13.628734588623047
2008-07-09,19.804723739624023,19.137147903442383,19.804723739624023,19.16893768310547,36156100.0,13.239791870117188
2008-07-10,19.291553497314453,18.64214324951172,19.250680923461914,18.82379722595215,58493400.0,13.001405715942383
2008-07-11,19.091733932495117,18.637601852416992,18.70572280883789,18.887374877929688,41198900.0,13.045316696166992
2008-07-14,19.12806510925293,18.651226043701172,19.032697677612305,18.978200912475586,37358600.0,13.108050346374512
2008-07-15,19.109899520874023,18.542234420776367,18.651226043701172,18.914623260498047,48189800.0,13.064139366149902
2008-07-16,19.277929306030273,18.619436264038086,18.760217666625977,19.22797393798828,41337000.0,13.280564308166504
2008-07-17,19.822887420654297,19.209808349609375,19.52770233154297,19.632152557373047,41732300.0,13.559725761413574
2008-07-18,19.95912742614746,19.495912551879883,19.523160934448242,19.71843719482422,31188600.0,13.61932373046875
2008-07-21,19.84559440612793,19.432334899902344,19.800182342529297,19.686649322509766,24124600.0,13.597369194030762
2008-07-22,19.78201675415039,19.35967254638672,19.482288360595703,19.76839256286621,33311800.0,13.653829574584961
2008-07-23,20.290645599365234,19.713895797729492,19.713895797729492,20.108991622924805,35939700.0,13.889078140258789
2008-07-24,20.172571182250977,19.673025131225586,20.172571182250977,19.700271606445312,30372600.0,13.606779098510742
2008-07-25,19.981834411621094,19.5504093170166,19.71843719482422,19.850135803222656,25906500.0,13.710287094116211
2008-07-28,19.904632568359375,19.386920928955078,19.74114418029785,19.52770233154297,24259600.0,13.487585067749023
2008-07-29,20.208900451660156,19.536785125732422,19.62761116027832,20.04087257385254,37281800.0,13.842025756835938
2008-07-30,20.51317024230957,20.095367431640625,20.20435905456543,20.463214874267578,35328000.0,14.133733749389648
2008-07-31,20.613079071044922,20.213441848754883,20.367847442626953,20.34514045715332,32050900.0,14.052176475524902
2008-08-01,20.43596649169922,19.84559440612793,20.34514045715332,19.963668823242188,24273000.0,13.788702011108398
2008-08-04,20.186193466186523,19.81834602355957,19.850135803222656,19.954586029052734,20893600.0,13.782427787780762
2008-08-05,20.522253036499023,19.968210220336914,20.049955368041992,20.43596649169922,29322000.0,14.114913940429688
2008-08-06,20.65395164489746,20.2679386138916,20.336057662963867,20.504087448120117,26909300.0,14.161967277526855
2008-08-07,20.826520919799805,20.254314422607422,20.43596649169922,20.66757583618164,28335900.0,14.274886131286621
2008-08-08,20.867393493652344,20.34514045715332,20.59037208557129,20.8083553314209,32508300.0,14.372116088867188
2008-08-11,21.039962768554688,20.572206497192383,20.812896728515625,20.767484664916992,23260300.0,14.343889236450195
2008-08-12,20.88555908203125,20.47229766845703,20.722070693969727,20.74477767944336,18694900.0,14.328206062316895
2008-08-13,20.917346954345703,20.554040908813477,20.79473114013672,20.712987899780273,19913100.0,14.30624771118164
2008-08-14,20.781108856201172,20.49954605102539,20.572206497192383,20.663034439086914,24341500.0,14.271744728088379
2008-08-15,20.81743812561035,20.490463256835938,20.717529296875,20.70390510559082,26993600.0,14.299978256225586
2008-08-18,20.776567459106445,19.913715362548828,20.740236282348633,20.254314422607422,39821400.0,13.989447593688965
2008-08-19,20.163488388061523,19.677566528320312,20.163488388061523,19.841053009033203,50250000.0,13.70401668548584
2008-08-20,21.053586959838867,20.34514045715332,20.43596649169922,20.96276092529297,73021400.0,14.47876262664795
2008-08-21,21.139873504638672,20.712987899780273,20.753860473632812,21.094459533691406,31711000.0,14.569734573364258
2008-08-22,21.444141387939453,21.02634048461914,21.112625122070312,21.37148094177246,29461400.0,14.761062622070312
2008-08-25,21.453224182128906,21.121707916259766,21.185285568237305,21.25794792175293,26605400.0,14.682647705078125
2008-08-26,21.3442325592041,21.1444149017334,21.207992553710938,21.28065299987793,22292300.0,14.69832992553711
2008-08-27,21.444141387939453,21.139873504638672,21.185285568237305,21.253406524658203,29849200.0,14.679508209228516
2008-08-28,21.494096755981445,21.1444149017334,21.25794792175293,21.494096755981445,29988100.0,14.845757484436035
2008-08-29,21.498638153076172,21.194368362426758,21.23069953918457,21.30790138244629,30975300.0,14.71715259552002
2008-09-02,21.7029972076416,20.753860473632812,21.425975799560547,20.890100479125977,43926800.0,14.428579330444336
2008-09-03,21.008174896240234,20.227066040039062,20.803813934326172,20.476839065551758,41882700.0,14.143146514892578
2008-09-04,20.476839065551758,20.02724838256836,20.431425094604492,20.19073486328125,34521400.0,13.945534706115723
2008-09-05,20.49954605102539,19.97275161743164,20.031789779663086,20.417802810668945,38697500.0,14.102367401123047
2008-09-08,20.821979522705078,20.363306045532227,20.69028091430664,20.77202606201172,41541100.0,14.403463363647461
2008-09-09,21.471389770507812,20.894641876220703,21.121707916259766,20.894641876220703,57484900.0,14.488483428955078
2008-09-10,21.39872932434082,20.89918327331543,20.971843719482422,21.235240936279297,48909900.0,14.724660873413086
2008-09-11,21.544050216674805,20.96276092529297,20.994550704956055,21.430517196655273,56100500.0,14.860068321228027
2008-09-12,21.425975799560547,21.021799087524414,21.23069953918457,21.330608367919922,37038500.0,14.790786743164062
2008-09-15,21.15349769592285,20.585830688476562,20.7856502532959,20.585830688476562,56049000.0,14.274352073669434
2008-09-16,22.252498626708984,20.0,20.336057662963867,21.984560012817383,118518000.0,15.244244575500488
2008-09-17,21.752952575683594,20.749319076538086,21.621253967285156,20.776567459106445,70425200.0,14.406609535217285
2008-09-18,21.657583236694336,20.908266067504883,21.108083724975586,21.40781021118164,80783200.0,14.844320297241211
2008-09-19,22.343324661254883,21.66666603088379,22.19346046447754,21.916439056396484,66806200.0,15.197006225585938
2008-09-22,22.19346046447754,21.303359985351562,22.11625862121582,21.416893005371094,48716300.0,14.850615501403809
2008-09-23,22.007266998291016,21.185285568237305,21.584922790527344,21.289735794067383,43078600.0,14.762444496154785
2008-09-24,21.516803741455078,20.944595336914062,21.326066970825195,21.24432373046875,44267900.0,14.730960845947266
2008-09-25,22.00272560119629,20.96276092529297,21.18982696533203,21.662124633789062,48798900.0,15.020662307739258
2008-09-26,22.0617618560791,21.312442779541016,21.312442779541016,21.712080001831055,43179000.0,15.055303573608398
2008-09-29,21.5258846282959,20.108991622924805,21.416893005371094,20.23160743713379,62351100.0,14.028731346130371
2008-09-30,21.112625122070312,20.426883697509766,20.54041862487793,20.99909210205078,49185400.0,14.560912132263184
2008-10-01,21.21707534790039,20.18165397644043,20.96276092529297,20.422344207763672,48475900.0,14.160987854003906
2008-10-02,20.118074417114258,19.05086326599121,20.104450225830078,19.645776748657227,62470000.0,13.622514724731445
2008-10-03,20.48592185974121,19.355131149291992,19.568574905395508,19.52770233154297,56100300.0,13.540642738342285
2008-10-06,19.52770233154297,17.851953506469727,19.1916446685791,18.596731185913086,65157100.0,12.895094871520996
2008-10-07,18.982742309570312,17.979110717773438,18.51044464111328,18.019981384277344,60375700.0,12.495174407958984
2008-10-08,19.073570251464844,16.866485595703125,17.148046493530273,18.16530418395996,90903600.0,12.595945358276367
2008-10-09,18.673933029174805,17.484106063842773,18.542234420776367,17.484106063842773,74624000.0,12.12359619140625
2008-10-10,18.460491180419922,16.121707916259766,16.453224182128906,16.802906036376953,109116800.0,11.65124797821045
2008-10-13,19.028156280517578,17.188919067382812,17.484106063842773,18.801090240478516,59184900.0,13.036799430847168
2008-10-14,19.52770233154297,18.110807418823242,19.091733932495117,18.378746032714844,62699700.0,12.743948936462402
2008-10-15,18.43778419494629,17.415985107421875,17.88374137878418,17.534059524536133,63653200.0,12.158234596252441
2008-10-16,18.09264373779297,16.830154418945312,17.543142318725586,18.01089859008789,64119100.0,12.488879203796387
2008-10-17,18.75567626953125,17.356948852539062,17.915531158447266,18.033605575561523,48530900.0,12.50462532043457
2008-10-20,18.74205207824707,17.75658416748047,18.301544189453125,18.623977661132812,47715500.0,12.913994789123535
2008-10-21,18.483196258544922,17.198001861572266,18.260671615600586,17.27974510192871,61715000.0,11.981889724731445
2008-10-22,16.966394424438477,15.5722074508667,16.966394424438477,15.999092102050781,67624700.0,11.093878746032715
2008-10-23,16.126249313354492,14.418710708618164,15.994550704956055,15.054495811462402,83432000.0,10.438888549804688
2008-10-24,15.131698608398438,13.637601852416992,13.73751163482666,14.732061386108398,60695200.0,10.215309143066406
2008-10-27,14.877384185791016,14.08265209197998,14.400545120239258,14.159854888916016,52761900.0,9.818543434143066
2008-10-28,15.980926513671875,13.978201866149902,14.418710708618164,15.935513496398926,61128400.0,11.049792289733887
2008-10-29,16.66666603088379,15.758401870727539,15.90372371673584,16.0762939453125,61792900.0,11.14741039276123
2008-10-30,17.38419532775879,16.44868278503418,16.612171173095703,17.11625862121582,64697800.0,11.868528366088867
2008-10-31,17.829246520996094,16.866485595703125,16.866485595703125,17.38419532775879,63365100.0,12.054315567016602
2008-11-03,17.888282775878906,17.27974510192871,17.27974510192871,17.534059524536133,47844300.0,12.158234596252441
2008-11-04,17.774749755859375,16.98910140991211,17.774749755859375,17.366031646728516,59618000.0,12.041725158691406
2008-11-05,17.234333038330078,16.33514976501465,17.20708465576172,16.46230697631836,49269700.0,11.415072441101074
2008-11-06,16.085376739501953,15.15894603729248,15.971843719482422,15.277020454406738,65312400.0,10.59318733215332
2008-11-07,15.89009952545166,15.236148834228516,15.367847442626953,15.73115348815918,40039600.0,10.908087730407715
2008-11-10,16.239782333374023,15.240690231323242,16.039962768554688,15.517711639404297,34610300.0,10.760085105895996
2008-11-11,15.435967445373535,14.62761116027832,15.245231628417969,15.099908828735352,35418900.0,10.470378875732422
2008-11-12,14.822888374328613,14.078110694885254,14.61398696899414,14.14168930053711,44782900.0,9.80594253540039
2008-11-13,14.46866512298584,12.82016372680664,13.919164657592773,14.400545120239258,84129100.0,9.985433578491211
2008-11-14,14.532243728637695,13.623978614807129,13.950953483581543,13.832879066467285,48695400.0,9.591814041137695
2008-11-17,13.89645767211914,13.247048377990723,13.528610229492188,13.324250221252441,34776800.0,9.239123344421387
2008-11-18,15.367847442626953,14.418710708618164,15.240690231323242,15.254314422607422,149712400.0,10.577442169189453
2008-11-19,15.821980476379395,14.963669776916504,15.077202796936035,15.0,79745600.0,10.40109920501709
2008-11-20,15.644867897033691,14.273387908935547,14.881925582885742,14.45504093170166,89122200.0,10.023224830627441
2008-11-21,15.812897682189941,14.67302417755127,14.786558151245117,15.73115348815918,84768100.0,10.908087730407715
2008-11-24,16.348773956298828,15.195277214050293,15.940054893493652,16.212533950805664,73899700.0,11.241881370544434
2008-11-25,16.17620277404785,14.931879997253418,16.158039093017578,15.258855819702148,82894500.0,10.580595016479492
2008-11-26,16.008174896240234,14.995458602905273,15.154404640197754,15.990009307861328,48701400.0,11.087580680847168
2008-11-28,16.053586959838867,15.690281867980957,15.817439079284668,16.021799087524414,16278700.0,11.109622955322266
2008-12-01,15.812897682189941,15.18619441986084,15.476839065551758,15.18619441986084,46361100.0,10.530210494995117
2008-12-02,15.68574047088623,15.022706985473633,15.37238883972168,15.563124656677246,47689800.0,10.791574478149414
2008-12-03,15.849227905273438,15.009082794189453,15.113533020019531,15.812897682189941,48025600.0,10.96477222442627
2008-12-04,15.89009952545166,14.909173011779785,15.76294231414795,15.163487434387207,41009100.0,10.514463424682617
2008-12-05,15.563124656677246,14.450499534606934,14.936421394348145,15.227066040039062,47113300.0,10.558550834655762
2008-12-08,16.276113510131836,15.426884651184082,15.622161865234375,15.999092102050781,43795500.0,11.093878746032715
2008-12-09,16.380563735961914,15.613079071044922,15.68574047088623,15.67211627960205,40373200.0,10.867151260375977
2008-12-10,16.126249313354492,15.485921859741211,15.485921859741211,15.940054893493652,31248300.0,11.052943229675293
2008-12-11,16.466848373413086,15.549500465393066,15.594913482666016,15.794732093811035,37803000.0,10.952171325683594
2008-12-12,16.394187927246094,15.440508842468262,15.467756271362305,16.33514976501465,38701000.0,11.326902389526367
2008-12-15,16.394187927246094,15.626703262329102,16.376022338867188,15.812897682189941,33454100.0,11.018735885620117
2008-12-16,16.598546981811523,15.867393493652344,16.044504165649414,16.494096755981445,42896700.0,11.493407249450684
2008-12-17,16.889192581176758,16.035423278808594,16.376022338867188,16.56221580505371,36416400.0,11.540873527526855
2008-12-18,16.657583236694336,15.753860473632812,16.657583236694336,16.06266975402832,40168200.0,11.192779541015625
2008-12-19,16.35785675048828,15.835603713989258,16.030881881713867,16.0762939453125,48699400.0,11.20227336883545
2008-12-22,16.10354232788086,15.458673477172852,16.099000930786133,15.781107902526855,29089900.0,10.996581077575684
2008-12-23,16.08991813659668,15.603996276855469,15.90372371673584,15.690281867980957,22793300.0,10.9332914352417
2008-12-24,15.853769302368164,15.599454879760742,15.676657676696777,15.749319076538086,9966400.0,10.974431991577148
2008-12-26,15.949136734008789,15.76294231414795,15.76294231414795,15.881017684936523,9863100.0,11.06619930267334
2008-12-29,16.180744171142578,15.881017684936523,16.067211151123047,16.158039093017578,23469700.0,11.259231567382812
2008-12-30,16.466848373413086,16.02634048461914,16.23069953918457,16.43505859375,23726100.0,11.45226764678955
2008-12-31,16.784740447998047,16.32152557373047,16.412351608276367,16.480472564697266,28226100.0,11.483912467956543
2009-01-02,16.775657653808594,16.10354232788086,16.46230697631836,16.71662139892578,32135300.0,11.648463249206543
2009-01-05,16.712080001831055,16.37148094177246,16.712080001831055,16.498638153076172,32013500.0,11.496569633483887
2009-01-06,17.951862335205078,16.798364639282227,16.839237213134766,17.851953506469727,67447900.0,12.439586639404297
2009-01-07,17.5794734954834,16.916439056396484,17.465940475463867,17.184377670288086,54853800.0,11.974407196044922
2009-01-08,17.143505096435547,16.739328384399414,17.120800018310547,17.093551635742188,34139100.0,11.91111946105957
2009-01-09,17.356948852539062,16.775657653808594,17.170753479003906,17.02543067932129,37500900.0,11.863652229309082
2009-01-12,17.07538604736328,16.584922790527344,17.007266998291016,16.7938232421875,32928900.0,11.702260971069336
2009-01-13,16.68029022216797,16.221616744995117,16.57583999633789,16.27157211303711,43604000.0,11.338343620300293
2009-01-14,16.25794792175293,15.844686508178711,16.126249313354492,16.071752548217773,42076000.0,11.19910717010498
2009-01-15,16.39872932434082,15.876476287841797,16.11716651916504,16.235240936279297,52189300.0,11.313030242919922
2009-01-16,16.439599990844727,15.522252082824707,16.439599990844727,15.790190696716309,63500300.0,11.002909660339355
2009-01-20,15.749319076538086,15.068120002746582,15.635786056518555,15.14078140258789,39036800.0,10.550390243530273
2009-01-21,15.962760925292969,15.18619441986084,15.522252082824707,15.944596290588379,39664100.0,11.110504150390625
2009-01-22,16.33514976501465,15.440508842468262,15.631244659423828,16.11716651916504,46859200.0,11.230754852294922
2009-01-23,16.657583236694336,15.690281867980957,15.826520919799805,16.253406524658203,42188100.0,11.325685501098633
2009-01-26,16.33514976501465,15.912806510925293,16.248865127563477,16.15349769592285,38335000.0,11.25606918334961
2009-01-27,16.389646530151367,16.030881881713867,16.27157211303711,16.298818588256836,26130400.0,11.357330322265625
2009-01-28,17.1298828125,16.453224182128906,16.557674407958984,16.98910140991211,38836800.0,11.838333129882812
2009-01-29,16.802906036376953,16.267030715942383,16.584922790527344,16.316984176635742,32548200.0,11.369989395141602
2009-01-30,16.498638153076172,15.667574882507324,16.40781021118164,15.781107902526855,38226000.0,10.996581077575684
2009-02-02,16.02634048461914,15.440508842468262,15.508628845214844,15.740236282348633,34562500.0,10.968101501464844
2009-02-03,16.46230697631836,15.635786056518555,15.885558128356934,16.394187927246094,31687600.0,11.423787117004395
2009-02-04,16.802906036376953,16.289735794067383,16.37148094177246,16.362398147583008,32007300.0,11.401634216308594
2009-02-05,16.108083724975586,15.785649299621582,16.099000930786133,15.935513496398926,60545700.0,11.104175567626953
2009-02-06,16.89373207092285,15.91734790802002,15.999092102050781,16.734786987304688,51278600.0,11.661126136779785
2009-02-09,16.69391441345215,16.394187927246094,16.553133010864258,16.498638153076172,31009400.0,11.496569633483887
2009-02-10,16.662124633789062,15.894640922546387,16.33514976501465,15.990009307861328,37942200.0,11.142147064208984
2009-02-11,16.1444149017334,15.690281867980957,16.10354232788086,15.9309720993042,37694900.0,11.101008415222168
2009-02-12,16.021799087524414,15.331517219543457,15.55858325958252,16.003633499145508,43407300.0,11.151640892028809
2009-02-13,16.457765579223633,15.840145111083984,15.926430702209473,16.289735794067383,45732000.0,11.351005554199219
2009-02-17,15.990009307861328,15.585830688476562,15.926430702209473,15.594913482666016,45791400.0,10.86683464050293
2009-02-18,15.881017684936523,15.227066040039062,15.717529296875,15.476839065551758,63094300.0,10.784558296203613
2009-02-19,14.950045585632324,13.928247451782227,14.891008377075195,14.25522232055664,125596500.0,9.933314323425293
2009-02-20,14.459582328796387,13.937329292297363,14.014532089233398,14.187102317810059,57415600.0,9.885843276977539
2009-02-23,14.29609489440918,13.247048377990723,14.209809303283691,13.297002792358398,71573300.0,9.265609741210938
2009-02-24,13.592188835144043,13.056312561035156,13.23796558380127,13.451407432556152,90113700.0,9.373198509216309
2009-02-25,13.919164657592773,13.260672569274902,13.42416000366211,13.678474426269531,61862500.0,9.531425476074219
2009-02-26,14.118982315063477,13.660308837890625,13.792007446289062,13.732970237731934,46800400.0,9.5693998336792
2009-02-27,13.605813026428223,13.147138595581055,13.496821403503418,13.183469772338867,86499400.0,9.186493873596191
2009-03-02,13.197093963623047,12.670299530029297,13.056312561035156,12.747502326965332,61577800.0,8.882706642150879
2009-03-03,13.05177116394043,12.584014892578125,12.584014892578125,12.792915344238281,60132200.0,8.914349555969238
2009-03-04,13.25158977508545,12.829246520996094,13.165304183959961,13.010899543762207,58725100.0,9.066245079040527
2009-03-05,12.847411155700684,12.175294876098633,12.765667915344238,12.297910690307617,66549200.0,8.569424629211426
2009-03-06,12.434150695800781,11.671208381652832,11.893733024597168,12.252497673034668,73780600.0,8.537775039672852
2009-03-09,12.2752046585083,11.530426979064941,12.020890235900879,11.594005584716797,67449000.0,8.1320219039917
2009-03-10,12.311534881591797,11.62125301361084,11.834695816040039,12.279746055603027,78522600.0,8.613000869750977
2009-03-11,13.128973960876465,12.534059524536133,12.656675338745117,12.9927339553833,61522300.0,9.113088607788086
2009-03-12,13.374205589294434,12.742960929870605,12.942779541015625,13.324250221252441,52911100.0,9.34561538696289
2009-03-13,13.623978614807129,13.228882789611816,13.442325592041016,13.374205589294434,52131900.0,9.380654335021973
2009-03-16,13.56948184967041,13.124432563781738,13.460490226745605,13.17892837524414,38899600.0,9.243687629699707
2009-03-17,13.528610229492188,13.124432563781738,13.287919998168945,13.510444641113281,43155400.0,9.47620964050293
2009-03-18,13.55131721496582,12.870118141174316,13.328791618347168,13.165304183959961,70603600.0,9.234129905700684
2009-03-19,13.510444641113281,13.165304183959961,13.401453018188477,13.215258598327637,42264500.0,9.269170761108398
2009-03-20,13.619437217712402,13.033605575561523,13.310626983642578,13.101725578308105,62212000.0,9.189536094665527
2009-03-23,14.164396286010742,13.301544189453125,13.465031623840332,14.164396286010742,59166600.0,9.934892654418945
2009-03-24,14.178019523620605,13.851044654846191,14.032697677612305,13.905540466308594,40498700.0,9.753332138061523
2009-03-25,14.305176734924316,13.687557220458984,14.073569297790527,14.08265209197998,54908100.0,9.877554893493652
2009-03-26,15.131698608398438,14.346049308776855,14.436875343322754,15.077202796936035,78037100.0,10.575136184692383
2009-03-27,15.277020454406738,14.759309768676758,14.895549774169922,15.136240005493164,62667800.0,10.616544723510742
2009-03-30,14.713896751403809,14.29609489440918,14.650318145751953,14.586739540100098,62684100.0,10.231122970581055
2009-03-31,14.900091171264648,14.541326522827148,14.759309768676758,14.559491157531738,42260100.0,10.212013244628906
2009-04-01,15.009082794189453,14.0690279006958,14.241598129272461,14.931879997253418,46105000.0,10.473206520080566
2009-04-02,15.85831069946289,15.213441848754883,15.240690231323242,15.299727439880371,50750500.0,10.731213569641113
2009-04-03,15.853769302368164,15.286103248596191,15.286103248596191,15.508628845214844,44217000.0,10.87773609161377
2009-04-06,15.481380462646484,14.950045585632324,15.449591636657715,15.331517219543457,35054200.0,10.753508567810059
2009-04-07,15.245231628417969,14.891008377075195,15.04541301727295,15.127157211303711,30607100.0,10.6101713180542
2009-04-08,15.354223251342773,14.818346977233887,15.213441848754883,15.01362419128418,31572700.0,10.530539512634277
2009-04-09,15.735694885253906,15.249773025512695,15.395095825195312,15.635786056518555,34958900.0,10.966922760009766
2009-04-13,15.803814888000488,15.19981861114502,15.354223251342773,15.676657676696777,28761400.0,10.99559211730957
2009-04-14,15.599454879760742,15.32697582244873,15.367847442626953,15.495004653930664,30456500.0,10.868181228637695
2009-04-15,15.876476287841797,15.336057662963867,15.34514045715332,15.826520919799805,41112200.0,11.100706100463867
2009-04-16,16.74386978149414,16.10354232788086,16.121707916259766,16.621253967285156,46594500.0,11.658129692077637
2009-04-17,16.612171173095703,16.02634048461914,16.54859161376953,16.485013961791992,46762300.0,11.562570571899414
2009-04-20,16.158039093017578,15.708446502685547,16.058128356933594,15.749319076538086,35719700.0,11.046554565429688
2009-04-21,16.121707916259766,15.567666053771973,15.667574882507324,16.08991813659668,31438800.0,11.285454750061035
2009-04-22,16.139873504638672,15.712987899780273,15.776566505432129,15.749319076538086,33798000.0,11.046554565429688
2009-04-23,15.853769302368164,15.422343254089355,15.781107902526855,15.785649299621582,32441100.0,11.072037696838379
2009-04-24,16.348773956298828,15.817439079284668,15.881017684936523,16.25794792175293,39284700.0,11.40330696105957
2009-04-27,16.43505859375,15.921889305114746,15.953678131103516,16.099000930786133,31252900.0,11.29181957244873
2009-04-28,16.29427719116211,15.867393493652344,15.9309720993042,16.085376739501953,24279400.0,11.282267570495605
2009-04-29,16.802906036376953,16.11716651916504,16.158039093017578,16.553133010864258,30911400.0,11.6103515625
2009-04-30,16.984560012817383,16.221616744995117,16.7029972076416,16.339691162109375,42768500.0,11.460644721984863
2009-05-01,16.612171173095703,16.135332107543945,16.326066970825195,16.584922790527344,28886400.0,11.632647514343262
2009-05-04,16.911897659301758,16.480472564697266,16.689373016357422,16.866485595703125,28399600.0,11.8301362991333
2009-05-05,16.789281845092773,16.557674407958984,16.612171173095703,16.712080001831055,28406600.0,11.721834182739258
2009-05-06,16.712080001831055,16.298818588256836,16.65304183959961,16.498638153076172,33939200.0,11.572128295898438
2009-05-07,16.557674407958984,15.55858325958252,16.557674407958984,15.681199073791504,60399500.0,10.998777389526367
2009-05-08,15.826520919799805,15.168028831481934,15.821980476379395,15.749319076538086,52738700.0,11.046554565429688
2009-05-11,16.053586959838867,15.454133033752441,15.458673477172852,15.908265113830566,31282900.0,11.158040046691895
2009-05-12,16.003633499145508,15.749319076538086,15.944596290588379,15.89009952545166,30401200.0,11.14530086517334
2009-05-13,15.812897682189941,15.408719062805176,15.717529296875,15.535876274108887,31151600.0,10.896844863891602
2009-05-14,15.926430702209473,15.485921859741211,15.626703262329102,15.862852096557617,32398900.0,11.126190185546875
2009-05-15,16.18982696533203,15.821980476379395,15.87193489074707,15.899182319641113,37361500.0,11.151668548583984
2009-05-18,16.239782333374023,15.722070693969727,15.985467910766602,16.226158142089844,38810400.0,11.381011009216309
2009-05-19,16.7938232421875,16.171661376953125,16.33514976501465,16.612171173095703,57536200.0,11.65176010131836
2009-05-20,16.121707916259766,15.635786056518555,16.003633499145508,15.74477767944336,104510400.0,11.043370246887207
2009-05-21,15.617620468139648,15.236148834228516,15.581289291381836,15.540417671203613,55941800.0,10.900030136108398
2009-05-22,15.740236282348633,15.37238883972168,15.585830688476562,15.504087448120117,26434700.0,10.874551773071289
2009-05-26,15.926430702209473,15.32697582244873,15.376930236816406,15.653950691223145,44173800.0,10.97966480255127
2009-05-27,16.008174896240234,15.554041862487793,15.667574882507324,15.594913482666016,37085800.0,10.938257217407227
2009-05-28,15.9309720993042,15.53133487701416,15.599454879760742,15.758401870727539,36560600.0,11.052926063537598
2009-05-29,15.831062316894531,15.37238883972168,15.594913482666016,15.599454879760742,42954800.0,10.94144344329834
2009-06-01,16.40781021118164,15.758401870727539,15.803814888000488,16.348773956298828,39155000.0,11.46701431274414
2009-06-02,16.598546981811523,16.17620277404785,16.330608367919922,16.276113510131836,36484400.0,11.416048049926758
2009-06-03,16.28065299987793,15.967302322387695,16.221616744995117,16.180744171142578,30705100.0,11.349157333374023
2009-06-04,16.47593116760254,16.112625122070312,16.226158142089844,16.389646530151367,41645100.0,11.495680809020996
2009-06-05,17.029972076416016,16.553133010864258,16.557674407958984,16.96185302734375,57153300.0,11.897024154663086
2009-06-08,17.08901023864746,16.57583999633789,16.739328384399414,16.98910140991211,38497300.0,11.972603797912598
2009-06-09,17.020889282226562,16.64396095275879,16.98910140991211,16.73024559020996,34094400.0,11.79018497467041
2009-06-10,16.911897659301758,16.48955535888672,16.8619441986084,16.707538604736328,31185300.0,11.77418041229248
2009-06-11,17.134422302246094,16.698455810546875,16.698455810546875,16.90735626220703,34506600.0,11.914999008178711
2009-06-12,17.16621208190918,16.825613021850586,16.8619441986084,17.148046493530273,29702500.0,12.08461856842041
2009-06-15,17.05267906188965,16.675748825073242,16.94822883605957,16.839237213134766,28673700.0,11.866994857788086
2009-06-16,16.952770233154297,16.65304183959961,16.911897659301758,16.73024559020996,30885900.0,11.79018497467041
2009-06-17,17.029972076416016,16.625795364379883,16.648500442504883,16.993642807006836,37231100.0,11.975807189941406
2009-06-18,17.093551635742188,16.68029022216797,16.984560012817383,17.05267906188965,39896000.0,12.017413139343262
2009-06-19,17.46139907836914,17.157129287719727,17.175294876098633,17.415985107421875,57646300.0,12.27344036102295
2009-06-22,17.520435333251953,17.05267906188965,17.216167449951172,17.13896369934082,42870900.0,12.078216552734375
2009-06-23,17.238874435424805,16.939146041870117,17.238874435424805,16.966394424438477,27792900.0,11.956605911254883
2009-06-24,17.238874435424805,16.798364639282227,17.08901023864746,16.902814865112305,38211700.0,11.911797523498535
2009-06-25,17.39781951904297,16.802906036376953,16.802906036376953,17.311534881591797,35187000.0,12.199831008911133
2009-06-26,17.402360916137695,17.043596267700195,17.30699348449707,17.079927444458008,50673000.0,12.03661060333252
2009-06-29,17.724796295166016,17.170753479003906,17.188919067382812,17.702089309692383,54594400.0,12.475066184997559
2009-06-30,17.82016372680664,17.415985107421875,17.643051147460938,17.55222511291504,36395300.0,12.369452476501465
2009-07-01,17.992733001708984,17.502269744873047,17.620346069335938,17.56584930419922,42926400.0,12.379054069519043
2009-07-02,17.56584930419922,17.188919067382812,17.37511444091797,17.188919067382812,26403000.0,12.113422393798828
2009-07-06,17.34786605834961,16.98910140991211,17.05267906188965,17.134422302246094,26788800.0,12.075017929077148
2009-07-07,17.16621208190918,16.7029972076416,17.079927444458008,16.73024559020996,30990200.0,11.79018497467041
2009-07-08,16.98910140991211,16.712080001831055,16.739328384399414,16.898273468017578,33266400.0,11.908597946166992
2009-07-09,17.029972076416016,16.802906036376953,16.998184204101562,16.939146041870117,21676400.0,11.937400817871094
2009-07-10,17.134422302246094,16.7029972076416,16.898273468017578,16.911897659301758,25083400.0,11.91820240020752
2009-07-13,16.993642807006836,16.671207427978516,16.925521850585938,16.939146041870117,29401500.0,11.937400817871094
2009-07-14,16.930063247680664,16.65304183959961,16.766576766967773,16.866485595703125,30506700.0,11.886198043823242
2009-07-15,17.643051147460938,17.16621208190918,17.257038116455078,17.629426956176758,38480800.0,12.423860549926758
2009-07-16,18.11534881591797,17.438692092895508,17.4886474609375,18.015439987182617,44304600.0,12.695889472961426
2009-07-17,18.16530418395996,18.001815795898438,18.088102340698242,18.156221389770508,32078500.0,12.795103073120117
2009-07-20,18.392370223999023,18.09264373779297,18.237964630126953,18.360580444335938,26301100.0,12.939117431640625
2009-07-21,18.428701400756836,18.05177116394043,18.2061767578125,18.42416000366211,31145500.0,12.983927726745605
2009-07-22,18.619436264038086,18.2970027923584,18.30608558654785,18.528610229492188,32579600.0,13.057535171508789
2009-07-23,19.041780471801758,18.45140838623047,18.46503257751465,18.91008186340332,41931100.0,13.32636547088623
2009-07-24,18.97365951538086,18.574024200439453,18.71934700012207,18.946413040161133,24813200.0,13.351969718933105
2009-07-27,19.02361488342285,18.687557220458984,18.91008186340332,19.00090789794922,23531800.0,13.39037036895752
2009-07-28,19.06448745727539,18.710264205932617,18.928247451782227,19.06448745727539,25555700.0,13.435179710388184
2009-07-29,19.18256187438965,18.72842788696289,18.860126495361328,19.159854888916016,29696300.0,13.502384185791016
2009-07-30,19.659400939941406,19.246139526367188,19.259763717651367,19.39600372314453,41869400.0,13.668804168701172
2009-07-31,19.777475357055664,19.26884651184082,19.32334327697754,19.663942337036133,46439200.0,13.857627868652344
2009-08-03,19.800182342529297,19.509536743164062,19.695730209350586,19.700271606445312,29392700.0,13.883227348327637
2009-08-04,19.75476837158203,19.52770233154297,19.56403350830078,19.71843719482422,31643100.0,13.89603328704834
2009-08-05,19.71843719482422,19.40962791442871,19.713895797729492,19.645776748657227,29705400.0,13.844826698303223
2009-08-06,19.70481300354004,19.137147903442383,19.591279983520508,19.16893768310547,37465200.0,13.508788108825684
2009-08-07,19.85921859741211,19.287012100219727,19.45958137512207,19.772933959960938,42434900.0,13.934435844421387
2009-08-10,19.868301391601562,19.609445571899414,19.695730209350586,19.83197021484375,26819600.0,13.976041793823242
2009-08-11,19.84559440612793,19.663942337036133,19.722978591918945,19.70481300354004,23773200.0,13.886428833007812
2009-08-12,20.208900451660156,19.604904174804688,19.618528366088867,20.06357765197754,30369700.0,14.139261245727539
2009-08-13,20.20435905456543,19.881925582885742,20.07720184326172,20.14078140258789,25480800.0,14.193666458129883
2009-08-14,20.195276260375977,19.822887420654297,20.131698608398438,20.022706985473633,25604100.0,14.110456466674805
2009-08-17,19.854677200317383,19.477746963500977,19.813806533813477,19.577655792236328,27558400.0,13.796822547912598
2009-08-18,20.031789779663086,19.51407814025879,19.673025131225586,19.963668823242188,54209200.0,14.068853378295898
2009-08-19,19.981834411621094,19.30971908569336,19.336965560913086,19.904632568359375,55755000.0,14.027246475219727
2009-08-20,20.018165588378906,19.713895797729492,19.745685577392578,19.97275161743164,27630400.0,14.07525634765625
2009-08-21,20.363306045532227,19.904632568359375,20.072660446166992,20.336057662963867,41693700.0,14.33128833770752
2009-08-24,20.490463256835938,20.222524642944336,20.3587646484375,20.340599060058594,33297700.0,14.334484100341797
2009-08-25,20.508628845214844,20.208900451660156,20.41326141357422,20.290645599365234,39838500.0,14.299283981323242
2009-08-26,20.322433471679688,20.02724838256836,20.24523162841797,20.199817657470703,31409500.0,14.235270500183105
2009-08-27,20.381471633911133,20.068119049072266,20.177112579345703,20.349681854248047,33063200.0,14.340885162353516
2009-08-28,20.685739517211914,20.24523162841797,20.554040908813477,20.326974868774414,43127000.0,14.324878692626953
2009-08-31,20.41326141357422,19.94550323486328,20.031789779663086,20.38601303100586,28322500.0,14.366486549377441
2009-09-01,20.481380462646484,19.822887420654297,20.272480010986328,19.92279815673828,36370600.0,14.04005241394043
2009-09-02,20.208900451660156,19.800182342529297,19.822887420654297,20.095367431640625,35604500.0,14.161661148071289
2009-09-03,20.340599060058594,20.05449676513672,20.12715721130371,20.186193466186523,24729300.0,14.225668907165527
2009-09-04,20.504087448120117,20.195276260375977,20.208900451660156,20.481380462646484,19347200.0,14.433694839477539
2009-09-08,20.65395164489746,20.426883697509766,20.48592185974121,20.649410247802734,23098300.0,14.55211067199707
2009-09-09,20.881017684936523,20.440507888793945,20.567665100097656,20.881017684936523,36294000.0,14.71532917022705
2009-09-10,21.11716651916504,20.7856502532959,20.83106231689453,21.11716651916504,32684500.0,14.88174819946289
2009-09-11,21.13079071044922,20.83106231689453,21.108083724975586,20.93551254272461,28274700.0,14.753735542297363
2009-09-14,20.890100479125977,20.581289291381836,20.585830688476562,20.753860473632812,28440800.0,14.681818962097168
2009-09-15,20.821979522705078,20.554040908813477,20.762943267822266,20.726612091064453,24415500.0,14.662543296813965
2009-09-16,20.87193489074707,20.631244659423828,20.776567459106445,20.726612091064453,30588800.0,14.662543296813965
2009-09-17,20.99909210205078,20.613079071044922,20.681198120117188,20.75840187072754,26794800.0,14.685039520263672
2009-09-18,21.11716651916504,20.767484664916992,20.867393493652344,20.958219528198242,43862200.0,14.826394081115723
2009-09-21,21.108083724975586,20.66757583618164,20.722070693969727,21.04904556274414,25341200.0,14.890645980834961
2009-09-22,21.42143440246582,21.253406524658203,21.32152557373047,21.348773956298828,31560300.0,15.102676391601562
2009-09-23,21.734786987304688,21.262489318847656,21.29427719116211,21.312442779541016,35200900.0,15.076976776123047
2009-09-24,21.56221580505371,21.121707916259766,21.362398147583008,21.285194396972656,29190800.0,15.057701110839844
2009-09-25,21.44868278503418,21.053586959838867,21.0762939453125,21.353315353393555,43992400.0,15.105891227722168
2009-09-28,21.798364639282227,21.276113510131836,21.330608367919922,21.74386978149414,36722700.0,15.38217830657959
2009-09-29,21.775657653808594,21.46230697631836,21.64396095275879,21.544050216674805,43270400.0,15.240818977355957
2009-09-30,21.63033676147461,21.194368362426758,21.46230697631836,21.439599990844727,47109300.0,15.166934967041016
2009-10-01,21.48955535888672,20.803813934326172,21.353315353393555,20.87193489074707,44306800.0,14.765349388122559
2009-10-02,20.87193489074707,20.52679443359375,20.70390510559082,20.56312370300293,39974600.0,14.546887397766113
2009-10-05,21.08991813659668,20.585830688476562,20.65395164489746,20.92188835144043,32144700.0,14.800686836242676
2009-10-06,21.389646530151367,20.940053939819336,21.071752548217773,21.348773956298828,34583200.0,15.102676391601562
2009-10-07,21.285194396972656,21.008174896240234,21.248865127563477,21.1444149017334,24052400.0,14.958111763000488
2009-10-08,21.416893005371094,21.04904556274414,21.29427719116211,21.099000930786133,33040100.0,14.925981521606445
2009-10-09,21.56221580505371,21.06266975402832,21.071752548217773,21.516803741455078,31486100.0,15.221543312072754
2009-10-12,21.571298599243164,21.276113510131836,21.544050216674805,21.362398147583008,18741000.0,15.112319946289062
2009-10-13,21.326066970825195,21.139873504638672,21.235240936279297,21.20345115661621,27593000.0,14.999866485595703
2009-10-14,21.789281845092773,21.51226234436035,21.571298599243164,21.748411178588867,32045000.0,15.385393142700195
2009-10-15,21.798364639282227,21.63033676147461,21.648500442504883,21.798364639282227,26253100.0,15.420724868774414
2009-10-16,21.984560012817383,21.54859161376953,21.721162796020508,21.966394424438477,42915600.0,15.539602279663086
2009-10-19,22.043596267700195,21.8619441986084,21.902814865112305,22.011808395385742,24700000.0,15.571723937988281
2009-10-20,22.20708465576172,21.957311630249023,22.03905487060547,22.134422302246094,27112100.0,15.658465385437012
2009-10-21,22.275203704833984,21.87102699279785,22.070844650268555,21.898273468017578,27263100.0,15.491411209106445
2009-10-22,22.020889282226562,21.675748825073242,21.830154418945312,21.943687438964844,20235200.0,15.52353572845459
2009-10-23,22.343324661254883,21.911897659301758,22.288827896118164,22.05267906188965,29841000.0,15.600640296936035
2009-10-26,22.20708465576172,21.60308837890625,22.011808395385742,21.734786987304688,24698500.0,15.375752449035645
2009-10-27,21.798364639282227,21.39872932434082,21.675748825073242,21.480472564697266,22187100.0,15.195850372314453
2009-10-28,21.598546981811523,21.276113510131836,21.430517196655273,21.312442779541016,25992100.0,15.076976776123047
2009-10-29,21.97547721862793,21.339691162109375,21.339691162109375,21.957311630249023,34263500.0,15.533175468444824
2009-10-30,22.10263442993164,21.471389770507812,21.902814865112305,21.553133010864258,36841000.0,15.247249603271484
2009-11-02,21.925521850585938,21.416893005371094,21.539508819580078,21.87102699279785,33946000.0,15.472129821777344
2009-11-03,21.798364639282227,21.480472564697266,21.7029972076416,21.57583999633789,32444000.0,15.263310432434082
2009-11-04,22.08901023864746,21.657583236694336,21.78019905090332,21.689373016357422,34283500.0,15.343626022338867
2009-11-05,22.202543258666992,21.802906036376953,21.966394424438477,22.184377670288086,25068800.0,15.693798065185547
2009-11-06,22.325159072875977,22.034513473510742,22.107175827026367,22.325159072875977,23799200.0,15.793396949768066
2009-11-09,22.70663070678711,22.170753479003906,22.284286499023438,22.702089309692383,34274700.0,16.0600528717041
2009-11-10,22.69300651550293,22.547683715820312,22.620346069335938,22.688465118408203,23372600.0,16.050411224365234
2009-11-11,22.70663070678711,22.574932098388672,22.62488555908203,22.70663070678711,31344100.0,16.063261032104492
2009-11-12,22.688465118408203,22.493188858032227,22.547683715820312,22.570390701293945,48412000.0,15.966880798339844
2009-11-13,22.683923721313477,22.43415069580078,22.574932098388672,22.66575813293457,30512600.0,16.034345626831055
2009-11-16,23.10626792907715,22.643051147460938,22.656675338745117,23.074478149414062,45400600.0,16.323486328125
2009-11-17,23.35603904724121,22.82016372680664,22.8701171875,23.30608558654785,34825000.0,16.487329483032227
2009-11-18,23.183469772338867,22.829246520996094,23.174386978149414,22.92461395263672,36385800.0,16.217466354370117
2009-11-19,22.865577697753906,22.39781951904297,22.79291534423828,22.62488555908203,33199900.0,16.005434036254883
2009-11-20,22.829246520996094,22.484106063842773,22.515893936157227,22.724796295166016,31674800.0,16.076114654541016
2009-11-23,23.174386978149414,22.865577697753906,22.901906967163086,23.169845581054688,34737800.0,16.390949249267578
2009-11-24,23.169845581054688,22.633968353271484,22.979110717773438,22.79291534423828,38027200.0,16.124298095703125
2009-11-25,22.865577697753906,22.688465118408203,22.86103630065918,22.729337692260742,28065800.0,16.07932472229004
2009-11-27,22.4205265045166,22.070844650268555,22.225250244140625,22.284286499023438,21907600.0,15.764486312866211
2009-11-30,22.393278121948242,22.16621208190918,22.238874435424805,22.27974510192871,36022900.0,15.761270523071289
2009-12-01,22.61580467224121,22.41144371032715,22.429609298706055,22.520435333251953,40320300.0,15.931540489196777
2009-12-02,22.52497673034668,22.20708465576172,22.4205265045166,22.24341583251953,32493500.0,15.735575675964355
2009-12-03,22.443233489990234,22.198001861572266,22.356948852539062,22.234333038330078,34699100.0,15.729146957397461
2009-12-04,22.661216735839844,22.297910690307617,22.30699348449707,22.611263275146484,41607800.0,15.9957914352417
2009-12-07,22.65213394165039,22.32061767578125,22.470481872558594,22.34786605834961,28708300.0,15.809464454650879
2009-12-08,22.32061767578125,22.170753479003906,22.288827896118164,22.225250244140625,25495400.0,15.722724914550781
2009-12-09,22.70663070678711,22.16621208190918,22.26612091064453,22.683923721313477,38609200.0,16.047197341918945
2009-12-10,22.811080932617188,22.611263275146484,22.69300651550293,22.77020835876465,41310400.0,16.10824203491211
2009-12-11,22.801998138427734,22.656675338745117,22.747501373291016,22.729337692260742,26059100.0,16.07932472229004
2009-12-14,23.05177116394043,22.674840927124023,22.683923721313477,23.015439987182617,27472800.0,16.3392276763916
2009-12-15,23.274295806884766,22.856494903564453,22.942779541015625,23.156221389770508,40775500.0,16.439172744750977
2009-12-16,23.405994415283203,23.110807418823242,23.11534881591797,23.324251174926758,34427300.0,16.55845832824707
2009-12-17,23.201635360717773,22.824705123901367,23.133514404296875,22.96094512939453,30883000.0,16.300537109375
2009-12-18,23.43778419494629,23.02452278137207,23.11534881591797,23.387828826904297,47244100.0,16.603593826293945
2009-12-21,23.732969284057617,23.365121841430664,23.38328742980957,23.610353469848633,34862500.0,16.761573791503906
2009-12-22,23.891916275024414,23.569482803344727,23.587648391723633,23.82379722595215,26843200.0,16.913103103637695
2009-12-23,23.841960906982422,23.623977661132812,23.828338623046875,23.837421417236328,17747200.0,16.922775268554688
2009-12-24,24.041780471801758,23.687557220458984,23.732969284057617,24.009990692138672,9164200.0,17.0452880859375
2009-12-28,24.0145320892334,23.819255828857422,24.0145320892334,23.960037231445312,24545200.0,17.00982093811035
2009-12-29,23.991825103759766,23.8555850982666,23.89645767211914,23.873750686645508,15338400.0,16.948562622070312
2009-12-30,24.03723907470703,23.74205207824707,23.74205207824707,24.03723907470703,14634400.0,17.06462860107422
2009-12-31,24.046321868896484,23.374204635620117,23.98728370666504,23.392370223999023,30512800.0,16.606821060180664
2010-01-04,23.841960906982422,23.30608558654785,23.405994415283203,23.819255828857422,27957400.0,16.909873962402344
2010-01-05,23.95095443725586,23.660308837890625,23.67847442626953,23.919164657592773,28830500.0,16.980802536010742
2010-01-06,23.946413040161133,23.637601852416992,23.8555850982666,23.696640014648438,25866000.0,16.82283592224121
2010-01-07,23.88283348083496,23.61489486694336,23.701181411743164,23.70572280883789,22507300.0,16.829280853271484
2010-01-08,23.905540466308594,23.62851905822754,23.660308837890625,23.88283348083496,22548200.0,16.955013275146484
2010-01-11,23.941871643066406,23.587648391723633,23.878292083740234,23.81017303466797,22335700.0,16.903430938720703
2010-01-12,23.86920928955078,23.519527435302734,23.62851905822754,23.60127067565918,27153700.0,16.755128860473633
2010-01-13,23.801090240478516,23.455949783325195,23.70572280883789,23.714805603027344,25957800.0,16.835729598999023
2010-01-14,24.041780471801758,23.673933029174805,23.71934700012207,23.84650230407715,35483600.0,16.929224014282227
2010-01-15,24.00090789794922,23.64214324951172,23.88283348083496,23.828338623046875,29408300.0,16.91632652282715
2010-01-19,23.97365951538086,23.660308837890625,23.660308837890625,23.955495834350586,25052500.0,17.0065975189209
2010-01-20,23.81017303466797,23.38328742980957,23.732969284057617,23.710264205932617,30609300.0,16.832500457763672
2010-01-21,23.828338623046875,23.110807418823242,23.801090240478516,23.292461395263672,40706300.0,16.5358943939209
2010-01-22,23.251588821411133,22.366031646728516,23.16530418395996,22.38419532775879,44600100.0,15.891094207763672
2010-01-25,22.89736557006836,22.438692092895508,22.502269744873047,22.73387908935547,29677200.0,16.139339447021484
2010-01-26,22.933696746826172,22.515893936157227,22.752042770385742,22.58855628967285,34636100.0,16.036174774169922
2010-01-27,22.60218048095703,22.029972076416016,22.60218048095703,22.456857681274414,39655800.0,15.942678451538086
2010-01-28,22.44777488708496,21.57583999633789,22.43415069580078,21.7029972076416,58488800.0,15.407489776611328
2010-01-29,22.00272560119629,21.253406524658203,21.966394424438477,21.376022338867188,51719400.0,15.175361633300781
2010-02-01,21.752952575683594,21.43505859375,21.51226234436035,21.721162796020508,34662100.0,15.420395851135254
2010-02-02,22.170753479003906,21.789281845092773,21.93460464477539,22.066303253173828,38453700.0,15.665417671203613
2010-02-03,22.202543258666992,21.916439056396484,22.011808395385742,22.1298828125,25012900.0,15.710551261901855
2010-02-04,22.125341415405273,21.33514976501465,21.88465118408203,21.35785675048828,47682300.0,15.162467002868652
2010-02-05,21.566757202148438,21.099000930786133,21.303359985351562,21.48955535888672,43448300.0,15.255967140197754
2010-02-08,21.857402801513672,21.366939544677734,21.412351608276367,21.612171173095703,38791300.0,15.343015670776367
2010-02-09,22.17983627319336,21.734786987304688,21.843778610229492,21.852861404418945,38803600.0,15.51388168334961
2010-02-10,22.125341415405273,21.684831619262695,22.03905487060547,21.80744743347168,30548300.0,15.481646537780762
2010-02-11,22.184377670288086,21.71662139892578,21.798364639282227,22.079927444458008,28307500.0,15.675086975097656
2010-02-12,22.07538604736328,21.625795364379883,21.94822883605957,22.007266998291016,34720900.0,15.623507499694824
2010-02-16,22.52497673034668,22.157129287719727,22.225250244140625,22.452316284179688,32341400.0,15.93945026397705
2010-02-17,22.82016372680664,22.570390701293945,22.60218048095703,22.761125564575195,51705800.0,16.158679962158203
2010-02-18,23.142597198486328,22.647592544555664,22.879199981689453,23.074478149414062,51696100.0,16.381141662597656
2010-02-19,23.160762786865234,22.797456741333008,22.89736557006836,23.06539535522461,36685900.0,16.37468910217285
2010-02-22,23.110807418823242,22.824705123901367,23.029064178466797,22.96094512939453,27387800.0,16.300537109375
2010-02-23,23.042688369750977,22.697547912597656,22.874658584594727,22.761125564575195,26555000.0,16.158679962158203
2010-02-24,23.160762786865234,22.715713500976562,22.724796295166016,23.06539535522461,33065200.0,16.37468910217285
2010-02-25,23.142597198486328,22.674840927124023,22.797456741333008,23.124431610107422,28263100.0,16.416610717773438
2010-02-26,23.156221389770508,22.983652114868164,23.124431610107422,23.06539535522461,24262000.0,16.37468910217285
2010-03-01,23.460491180419922,23.015439987182617,23.015439987182617,23.405994415283203,31158900.0,16.616497039794922
2010-03-02,23.4968204498291,23.12897300720215,23.415077209472656,23.215259552001953,33058800.0,16.48108673095703
2010-03-03,23.31970977783203,23.160762786865234,23.210718154907227,23.2061767578125,25219500.0,16.47463607788086
2010-03-04,23.419618606567383,23.17892837524414,23.21980094909668,23.392370223999023,17791200.0,16.606821060180664
2010-03-05,23.72842788696289,23.460491180419922,23.48773765563965,23.62851905822754,34019100.0,16.774471282958984
2010-03-08,23.605812072753906,23.42416000366211,23.455949783325195,23.492279052734375,28370100.0,16.677753448486328
2010-03-09,23.71934700012207,23.374204635620117,23.42416000366211,23.560400009155273,22527700.0,16.726110458374023
2010-03-10,23.6557674407959,23.43778419494629,23.55131721496582,23.514986038208008,25738000.0,16.693870544433594
2010-03-11,23.62851905822754,23.33333396911621,23.4968204498291,23.623977661132812,21071500.0,16.771240234375
2010-03-12,23.81017303466797,23.533151626586914,23.646684646606445,23.778383255004883,25892400.0,16.880861282348633
2010-03-15,23.81017303466797,23.574024200439453,23.687557220458984,23.805631637573242,22631000.0,16.957258224487305
2010-03-16,23.82379722595215,23.6557674407959,23.751134872436523,23.773841857910156,24895800.0,16.934612274169922
2010-03-17,23.955495834350586,23.696640014648438,23.801090240478516,23.71934700012207,31279600.0,16.895793914794922
2010-03-18,23.991825103759766,23.66485023498535,23.714805603027344,23.946413040161133,31112900.0,17.05753517150879
2010-03-19,24.046321868896484,23.710264205932617,23.837421417236328,23.837421417236328,46066500.0,16.979902267456055
2010-03-22,24.08719253540039,23.673933029174805,23.673933029174805,24.046321868896484,34552000.0,17.128707885742188
2010-03-23,24.14168930053711,23.93733024597168,24.073570251464844,24.137147903442383,21254800.0,17.193408966064453
2010-03-24,24.16893768310547,23.97365951538086,24.055404663085938,24.096275329589844,33297500.0,17.164283752441406
2010-03-25,24.427793502807617,24.146230697631836,24.223432540893555,24.29609489440918,37032300.0,17.306629180908203
2010-03-26,24.38237953186035,24.178020477294922,24.33242416381836,24.259763717651367,31326300.0,17.28074073791504
2010-03-29,24.355131149291992,24.02361488342285,24.259763717651367,24.055404663085938,22537200.0,17.135177612304688
2010-03-30,24.237056732177734,24.03723907470703,24.03723907470703,24.187103271484375,22335300.0,17.228986740112305
2010-03-31,24.246139526367188,23.98728370666504,24.019073486328125,24.137147903442383,28308400.0,17.193408966064453
2010-04-01,24.40962791442871,24.03723907470703,24.246139526367188,24.178020477294922,23526100.0,17.22252082824707
2010-04-05,24.50045394897461,24.15531349182129,24.196186065673828,24.464122772216797,21758600.0,17.426313400268555
2010-04-06,24.509536743164062,24.232515335083008,24.377838134765625,24.45958137512207,21325200.0,17.423076629638672
2010-04-07,24.45050048828125,24.05086326599121,24.405086517333984,24.200727462768555,26592800.0,17.238691329956055
2010-04-08,24.40962791442871,23.964576721191406,24.146230697631836,24.355131149291992,19832900.0,17.348682403564453
2010-04-09,24.464122772216797,24.250680923461914,24.35967254638672,24.464122772216797,16474400.0,17.426313400268555
2010-04-12,24.523160934448242,24.418710708618164,24.427793502807617,24.468664169311523,18616300.0,17.42955207824707
2010-04-13,24.51407814025879,24.32334327697754,24.47320556640625,24.42325210571289,17861900.0,17.397199630737305
2010-04-14,24.813806533813477,24.50045394897461,24.532243728637695,24.759309768676758,26495700.0,17.636585235595703
2010-04-15,24.663942337036133,24.318801879882812,24.61398696899414,24.62761116027832,31134000.0,17.542774200439453
2010-04-16,24.863759994506836,24.30971908569336,24.545867919921875,24.40962791442871,34406900.0,17.387495040893555
2010-04-19,24.400545120239258,24.08719253540039,24.273387908935547,24.35967254638672,23629800.0,17.351911544799805
2010-04-20,24.518619537353516,24.232515335083008,24.455039978027344,24.32334327697754,26978600.0,17.326030731201172
2010-04-21,24.536785125732422,24.18256187438965,24.24159812927246,24.386920928955078,25513000.0,17.371318817138672
2010-04-22,24.305177688598633,23.84650230407715,24.2143497467041,24.209808349609375,27285800.0,17.245159149169922
2010-04-23,24.482288360595703,24.082653045654297,24.232515335083008,24.477746963500977,21544100.0,17.436016082763672
2010-04-26,24.79564094543457,24.441417694091797,24.491371154785156,24.6412353515625,26640200.0,17.55247688293457
2010-04-27,24.636693954467773,24.118982315063477,24.532243728637695,24.18256187438965,32043700.0,17.22575569152832
2010-04-28,24.314260482788086,24.11444091796875,24.118982315063477,24.196186065673828,35458300.0,17.235456466674805
2010-04-29,24.069028854370117,23.864667892456055,23.891916275024414,24.0145320892334,42994000.0,17.106067657470703
2010-04-30,24.24159812927246,23.57856559753418,24.069028854370117,23.60127067565918,34641600.0,16.811689376831055
2010-05-03,24.046321868896484,23.610353469848633,23.633060455322266,23.93733024597168,25692900.0,17.05107307434082
2010-05-04,23.72842788696289,22.842870712280273,23.70572280883789,22.99727439880371,44013100.0,16.381446838378906
2010-05-05,23.215259552001953,22.729337692260742,22.842870712280273,23.12897300720215,30896700.0,16.475261688232422
2010-05-06,23.610353469848633,19.046321868896484,22.94732093811035,21.94822883605957,83531100.0,15.634187698364258
2010-05-07,21.93460464477539,20.712987899780273,21.843778610229492,21.221616744995117,85063000.0,15.116607666015625
2010-05-10,22.856494903564453,22.161670684814453,22.261579513549805,22.297910690307617,51745000.0,15.883277893066406
2010-05-11,22.465940475463867,21.898273468017578,22.0617618560791,21.98910140991211,38132600.0,15.663308143615723
2010-05-12,22.643051147460938,22.079927444458008,22.111717224121094,22.506811141967773,38938600.0,16.03208351135254
2010-05-13,22.70663070678711,22.07538604736328,22.497730255126953,22.125341415405273,34014000.0,15.76034927368164
2010-05-14,21.889192581176758,21.158039093017578,21.866485595703125,21.539508819580078,57160600.0,15.343050003051758
2010-05-17,21.657583236694336,21.180744171142578,21.54859161376953,21.580381393432617,37365900.0,15.372163772583008
2010-05-18,21.925521850585938,21.18982696533203,21.911897659301758,21.248865127563477,47203300.0,15.136019706726074
2010-05-19,21.866485595703125,21.044504165649414,21.75749397277832,21.3442325592041,71202900.0,15.203948020935059
2010-05-20,21.235240936279297,20.48592185974121,20.81743812561035,20.867393493652344,73032400.0,14.864290237426758
2010-05-21,21.25794792175293,20.34514045715332,20.417802810668945,21.15349769592285,61267500.0,15.06808853149414
2010-05-24,21.33514976501465,20.726612091064453,21.017257690429688,20.749319076538086,39803700.0,14.780177116394043
2010-05-25,20.84468650817871,20.059038162231445,20.227066040039062,20.821979522705078,50023400.0,14.831941604614258
2010-05-26,21.23069953918457,20.70390510559082,21.008174896240234,20.762943267822266,47477700.0,14.789888381958008
2010-05-27,21.38510513305664,21.04904556274414,21.058128356933594,21.316984176635742,39501600.0,15.184538841247559
2010-05-28,21.376022338867188,20.781108856201172,21.37148094177246,20.894641876220703,42136800.0,14.88369369506836
2010-06-01,21.148956298828125,20.663034439086914,20.821979522705078,20.699363708496094,39122900.0,14.744596481323242
2010-06-02,21.498638153076172,20.890100479125977,20.96276092529297,21.466848373413086,54484700.0,15.291295051574707
2010-06-03,21.671207427978516,21.376022338867188,21.54859161376953,21.56221580505371,37078500.0,15.359228134155273
2010-06-04,21.389646530151367,20.79473114013672,21.20345115661621,20.91280746459961,41163900.0,14.896637916564941
2010-06-07,21.094459533691406,20.531335830688477,20.971843719482422,20.544960021972656,34116000.0,14.634612083435059
2010-06-08,20.876476287841797,20.4495906829834,20.59037208557129,20.835603713989258,43871900.0,14.841638565063477
2010-06-09,21.112625122070312,20.531335830688477,20.917346954345703,20.622161865234375,42015900.0,14.689604759216309
2010-06-10,21.171661376953125,20.853769302368164,20.89918327331543,21.11716651916504,34997700.0,15.042203903198242
2010-06-11,21.471389770507812,20.944595336914062,20.9854679107666,21.430517196655273,25318100.0,15.265410423278809
2010-06-14,21.898273468017578,21.267030715942383,21.739328384399414,21.289735794067383,31644200.0,15.221952438354492
2010-06-15,21.830154418945312,21.353315353393555,21.394187927246094,21.789281845092773,34802600.0,15.579124450683594
2010-06-16,21.875568389892578,21.425975799560547,21.648500442504883,21.802906036376953,39890900.0,15.588861465454102
2010-06-17,21.98910140991211,21.430517196655273,21.88465118408203,21.90735626220703,35988600.0,15.663542747497559
2010-06-18,22.079927444458008,21.771116256713867,21.911897659301758,21.789281845092773,41537800.0,15.579124450683594
2010-06-21,22.02543067932129,21.439599990844727,21.966394424438477,21.57583999633789,27931400.0,15.426514625549316
2010-06-22,21.798364639282227,21.207992553710938,21.580381393432617,21.239782333374023,29172900.0,15.186243057250977
2010-06-23,21.5258846282959,21.11716651916504,21.276113510131836,21.29427719116211,28219700.0,15.225200653076172
2010-06-24,21.248865127563477,20.781108856201172,21.139873504638672,20.840145111083984,33223100.0,14.90050220489502
2010-06-25,21.06266975402832,20.594913482666016,20.790191650390625,20.853769302368164,52895700.0,14.910236358642578
2010-06-28,21.099000930786133,20.712987899780273,20.840145111083984,20.92188835144043,28837100.0,14.958946228027344
2010-06-29,20.74477767944336,19.990917205810547,20.594913482666016,20.118074417114258,48785500.0,14.38422966003418
2010-06-30,20.086284637451172,19.58673858642578,20.086284637451172,19.65485954284668,52202300.0,14.053031921386719
2010-07-01,19.777475357055664,19.264305114746094,19.595821380615234,19.477746963500977,47108000.0,13.926398277282715
2010-07-02,19.60036277770996,19.2143497467041,19.523160934448242,19.441417694091797,36861000.0,13.900425910949707
2010-07-06,20.01362419128418,19.432334899902344,19.695730209350586,19.604904174804688,37853400.0,14.017314910888672
2010-07-07,20.463214874267578,19.595821380615234,19.632152557373047,20.417802810668945,40336400.0,14.598526000976562
2010-07-08,20.70390510559082,20.38601303100586,20.6267032623291,20.65395164489746,29114100.0,14.767374992370605
2010-07-09,20.663034439086914,20.431425094604492,20.635786056518555,20.54949951171875,28074600.0,14.6926908493042
2010-07-12,20.790191650390625,20.445049285888672,20.445049285888672,20.74477767944336,23186300.0,14.832308769226074
2010-07-13,21.353315353393555,20.849227905273438,20.94913673400879,21.239782333374023,31943500.0,15.186243057250977
2010-07-14,21.784740447998047,21.353315353393555,21.37148094177246,21.498638153076172,30349700.0,15.37131404876709
2010-07-15,21.584922790527344,21.185285568237305,21.444141387939453,21.53496742248535,26357900.0,15.397294998168945
2010-07-16,21.521345138549805,20.93551254272461,21.394187927246094,20.980926513671875,29433200.0,15.001157760620117
2010-07-19,21.32152557373047,20.94913673400879,21.071752548217773,21.198909759521484,23366900.0,15.157017707824707
2010-07-20,21.194368362426758,20.699363708496094,20.799272537231445,21.1671199798584,34969700.0,15.134285926818848
2010-07-21,21.23069953918457,20.558582305908203,21.1671199798584,20.65395164489746,39016700.0,14.767374992370605
2010-07-22,20.96276092529297,20.767484664916992,20.812896728515625,20.92188835144043,37770400.0,14.958946228027344
2010-07-23,21.08991813659668,20.762943267822266,20.881017684936523,20.958219528198242,41692800.0,14.984926223754883
2010-07-26,21.15349769592285,20.89918327331543,20.93551254272461,21.148956298828125,35687500.0,15.121294975280762
2010-07-27,21.721162796020508,21.24432373046875,21.394187927246094,21.60308837890625,36299700.0,15.445996284484863
2010-07-28,21.662124633789062,21.312442779541016,21.494096755981445,21.403268814086914,24676700.0,15.303125381469727
2010-07-29,21.648500442504883,21.035423278808594,21.621253967285156,21.0762939453125,38419100.0,15.069345474243164
2010-07-30,21.171661376953125,20.75840187072754,20.881017684936523,20.908266067504883,27760800.0,14.949207305908203
2010-08-02,21.707538604736328,21.071752548217773,21.158039093017578,21.598546981811523,28197200.0,15.44275188446045
2010-08-03,21.634878158569336,21.380563735961914,21.553133010864258,21.507720947265625,21255900.0,15.377802848815918
2010-08-04,21.662124633789062,21.185285568237305,21.53496742248535,21.239782333374023,34668200.0,15.186243057250977
2010-08-05,21.20345115661621,20.89918327331543,21.20345115661621,21.04904556274414,29695900.0,15.04986572265625
2010-08-06,21.035423278808594,19.005449295043945,20.876476287841797,19.005449295043945,64481800.0,13.588711738586426
2010-08-09,19.9091739654541,19.26884651184082,19.74114418029785,19.34604835510254,442012300.0,13.832237243652344
2010-08-10,19.518619537353516,19.146230697631836,19.45958137512207,19.223432540893555,161481600.0,13.744569778442383
2010-08-11,19.14168930053711,18.46503257751465,19.109899520874023,18.514986038208008,127332600.0,13.238035202026367
2010-08-12,18.378746032714844,18.142597198486328,18.26975440979004,18.228883743286133,115949300.0,13.033473014831543
2010-08-13,18.610353469848633,18.278837203979492,18.36966323852539,18.36966323852539,64885200.0,13.13412857055664
2010-08-16,18.660308837890625,18.324251174926758,18.39691162109375,18.415077209472656,50389000.0,13.166604995727539
2010-08-17,18.778383255004883,18.492279052734375,18.61489486694336,18.53769302368164,52025100.0,13.25426959991455
2010-08-18,18.89645767211914,18.569482803344727,18.687557220458984,18.78292465209961,48828400.0,13.429605484008789
2010-08-19,18.93733024597168,18.315168380737305,18.900999069213867,18.51044464111328,55820000.0,13.234790802001953
2010-08-20,18.433242797851562,17.86103630065918,18.387828826904297,18.097185134887695,85548500.0,12.939310073852539
2010-08-23,18.16530418395996,17.534059524536133,18.1380558013916,17.729337692260742,82384700.0,12.676304817199707
2010-08-24,17.647592544555664,17.41144371032715,17.479564666748047,17.43415069580078,66596600.0,12.465249061584473
2010-08-25,17.515893936157227,17.270662307739258,17.32061767578125,17.366031646728516,57778400.0,12.416543960571289
2010-08-26,17.55222511291504,17.297910690307617,17.502269744873047,17.356948852539062,40355300.0,12.410048484802246
2010-08-27,17.506811141967773,16.94822883605957,17.393278121948242,17.257038116455078,81852300.0,12.338615417480469
2010-08-30,17.933696746826172,17.506811141967773,17.656675338745117,17.5113525390625,64720300.0,12.520445823669434
2010-08-31,17.702089309692383,17.270662307739258,17.425067901611328,17.46139907836914,66500100.0,12.484728813171387
2010-09-01,17.824705123901367,17.58855628967285,17.711172103881836,17.80653953552246,49174100.0,12.731502532958984
2010-09-02,18.019981384277344,17.75658416748047,17.783832550048828,18.019981384277344,39153700.0,12.884112358093262
2010-09-03,18.387828826904297,18.201635360717773,18.201635360717773,18.31970977783203,39889800.0,13.098416328430176
2010-09-07,18.237964630126953,18.033605575561523,18.05177116394043,18.12897300720215,45667400.0,12.962039947509766
2010-09-08,17.983652114868164,17.370573043823242,17.838329315185547,17.62488555908203,72177300.0,12.601622581481934
2010-09-09,17.865577697753906,17.520435333251953,17.847412109375,17.629426956176758,39355600.0,12.604869842529297
2010-09-10,17.633968353271484,17.29336929321289,17.611263275146484,17.38419532775879,50171000.0,12.429532051086426
2010-09-13,17.502269744873047,17.24341583251953,17.46139907836914,17.38419532775879,74494100.0,12.486995697021484
2010-09-14,18.19255256652832,17.325159072875977,17.325159072875977,17.842870712280273,90116400.0,12.816459655761719
2010-09-15,18.183469772338867,17.774749755859375,17.847412109375,17.992733001708984,53147200.0,12.924103736877441
2010-09-16,18.387828826904297,17.99727439880371,18.033605575561523,18.324251174926758,51375500.0,13.1622314453125
2010-09-17,18.446866989135742,17.75658416748047,18.337875366210938,17.774749755859375,77950500.0,12.76753044128418
2010-09-20,17.965486526489258,17.783832550048828,17.824705123901367,17.888282775878906,48828400.0,12.849076271057129
2010-09-21,18.401453018188477,17.892824172973633,17.96094512939453,18.12897300720215,57222000.0,13.021965026855469
2010-09-22,18.088102340698242,17.711172103881836,18.02452278137207,17.96094512939453,47288800.0,12.901272773742676
2010-09-23,18.469573974609375,17.752042770385742,17.761125564575195,18.233423233032227,50526600.0,13.096988677978516
2010-09-24,18.93733024597168,18.560400009155273,18.69209861755371,18.610353469848633,54061300.0,13.367741584777832
2010-09-27,18.964576721191406,18.57856559753418,18.69209861755371,18.737510681152344,50767500.0,13.459074020385742
2010-09-28,19.00090789794922,18.619436264038086,18.792007446289062,18.900999069213867,58452000.0,13.576510429382324
2010-09-29,19.40962791442871,19.028156280517578,19.059946060180664,19.314260482788086,68941300.0,13.873351097106934
2010-09-30,19.595821380615234,18.946413040161133,19.509536743164062,19.105358123779297,62014000.0,13.723296165466309
2010-10-01,18.751134872436523,18.278837203979492,18.714805603027344,18.514986038208008,138696000.0,13.299237251281738
2010-10-04,18.72842788696289,18.34695816040039,18.555858612060547,18.455949783325195,50641100.0,13.256828308105469
2010-10-05,18.651226043701172,18.328792572021484,18.637601852416992,18.533151626586914,66841000.0,13.312285423278809
2010-10-06,18.71934700012207,18.365121841430664,18.64214324951172,18.501361846923828,57013900.0,13.289451599121094
2010-10-07,18.610353469848633,18.374204635620117,18.56494140625,18.533151626586914,41811700.0,13.312285423278809
2010-10-08,18.75567626953125,18.4741153717041,18.55131721496582,18.687557220458984,41464300.0,13.42319107055664
2010-10-11,18.79654884338379,18.53769302368164,18.732969284057617,18.710264205932617,28417600.0,13.439505577087402
2010-10-12,18.86920928955078,18.569482803344727,18.701181411743164,18.778383255004883,32950500.0,13.488434791564941
2010-10-13,19.318801879882812,18.86920928955078,18.86920928955078,19.16893768310547,54227300.0,13.768965721130371
2010-10-14,19.22797393798828,18.982742309570312,19.164396286010742,19.132606506347656,32948900.0,13.74286937713623
2010-10-15,19.455039978027344,19.12806510925293,19.250680923461914,19.445959091186523,52053000.0,13.967954635620117
2010-10-18,19.74114418029785,19.300636291503906,19.386920928955078,19.673025131225586,40655700.0,14.13105297088623
2010-10-19,19.595821380615234,19.318801879882812,19.47320556640625,19.45050048828125,45773100.0,13.971209526062012
2010-10-20,19.6412353515625,19.418710708618164,19.52770233154297,19.445959091186523,40429300.0,13.967954635620117
2010-10-21,19.51407814025879,19.03723907470703,19.468664169311523,19.25522232055664,43872200.0,13.83094310760498
2010-10-22,19.509536743164062,19.20526885986328,19.24159812927246,19.468664169311523,22693300.0,13.984259605407715
2010-10-25,19.632152557373047,19.327884674072266,19.509536743164062,19.47320556640625,29026100.0,13.987521171569824
2010-10-26,19.554950714111328,19.146230697631836,19.24159812927246,19.504995346069336,31916800.0,14.010354042053223
2010-10-27,19.455039978027344,19.055404663085938,19.32334327697754,19.250680923461914,41287700.0,13.827683448791504
2010-10-28,19.43687629699707,19.146230697631836,19.33242416381836,19.3732967376709,33384000.0,13.915756225585938
2010-10-29,19.38237953186035,19.019073486328125,19.273387908935547,19.091733932495117,40048800.0,13.713506698608398
2010-11-01,19.414169311523438,19.105358123779297,19.150772094726562,19.29609489440918,28380200.0,13.860304832458496
2010-11-02,19.523160934448242,19.35967254638672,19.414169311523438,19.48682975769043,25437900.0,13.997304916381836
2010-11-03,19.981834411621094,19.45050048828125,19.45958137512207,19.895549774169922,48920700.0,14.290888786315918
2010-11-04,20.236148834228516,19.895549774169922,20.04087257385254,20.01362419128418,47587400.0,14.375701904296875
2010-11-05,20.02724838256836,19.691190719604492,19.950044631958008,19.854677200317383,34391700.0,14.261528015136719
2010-11-08,20.20435905456543,19.759309768676758,19.813806533813477,20.095367431640625,34617400.0,14.434416770935059
2010-11-09,20.277021408081055,19.954586029052734,20.272480010986328,20.036331176757812,33490200.0,14.392010688781738
2010-11-10,20.21798324584961,19.863759994506836,20.213441848754883,20.05449676513672,29190100.0,14.405065536499023
2010-11-11,19.968210220336914,19.405086517333984,19.88646697998047,19.573116302490234,53794100.0,14.059288024902344
2010-11-12,19.518619537353516,19.082653045654297,19.400545120239258,19.16893768310547,40141700.0,13.768965721130371
2010-11-15,19.532243728637695,19.18256187438965,19.218891143798828,19.318801879882812,31834000.0,13.876614570617676
2010-11-16,19.250680923461914,18.819255828857422,19.187103271484375,18.982742309570312,49218600.0,13.635224342346191
2010-11-17,19.12806510925293,18.514986038208008,18.97365951538086,18.605812072753906,63136600.0,13.364477157592773
2010-11-18,19.009990692138672,18.633060455322266,18.683015823364258,18.932788848876953,43813800.0,13.599345207214355
2010-11-19,19.318801879882812,18.93733024597168,18.969118118286133,19.29609489440918,44667500.0,13.860304832458496
2010-11-22,19.659400939941406,19.14168930053711,19.504995346069336,19.6412353515625,73272400.0,14.108216285705566
2010-11-23,20.18165397644043,19.577655792236328,19.97275161743164,20.068119049072266,113475000.0,14.41484546661377
2010-11-24,20.14078140258789,19.745685577392578,19.95912742614746,19.863759994506836,61423900.0,14.26805305480957
2010-11-26,19.709354400634766,19.54132652282715,19.554950714111328,19.618528366088867,21790300.0,14.091903686523438
2010-11-29,19.418710708618164,19.109899520874023,19.336965560913086,19.34604835510254,45409600.0,13.896185874938965
2010-11-30,19.26884651184082,18.982742309570312,18.991825103759766,19.041780471801758,51448100.0,13.677632331848145
2010-12-01,19.50045394897461,19.223432540893555,19.300636291503906,19.33242416381836,45520400.0,13.886398315429688
2010-12-02,19.604904174804688,19.264305114746094,19.277929306030273,19.577655792236328,36577200.0,14.062545776367188
2010-12-03,19.650318145751953,19.30971908569336,19.30971908569336,19.54132652282715,38868800.0,14.036452293395996
2010-12-06,19.6412353515625,19.305177688598633,19.318801879882812,19.45958137512207,26368200.0,13.977730751037598
2010-12-07,19.623069763183594,19.11444091796875,19.595821380615234,19.159854888916016,48462700.0,13.76244068145752
2010-12-08,19.400545120239258,19.146230697631836,19.209808349609375,19.3732967376709,26942500.0,13.915756225585938
2010-12-09,19.427793502807617,19.164396286010742,19.427793502807617,19.318801879882812,36700700.0,13.876614570617676
2010-12-10,19.3732967376709,19.159854888916016,19.273387908935547,19.355131149291992,37092600.0,13.902711868286133
2010-12-13,19.15531349182129,18.860126495361328,19.10081672668457,18.914623260498047,57203900.0,13.642683029174805
2010-12-14,19.009990692138672,18.74205207824707,18.932788848876953,18.864667892456055,31156000.0,13.60665225982666
2010-12-15,18.89645767211914,18.71934700012207,18.82379722595215,18.723886489868164,29304600.0,13.505108833312988
2010-12-16,19.07811164855957,18.619436264038086,18.67847442626953,19.05086326599121,49922600.0,13.740952491760254
2010-12-17,19.159854888916016,18.928247451782227,19.05086326599121,19.055404663085938,53357900.0,13.744221687316895
2010-12-20,19.118982315063477,18.946413040161133,18.95095443725586,19.02361488342285,33962900.0,13.721296310424805
2010-12-21,19.118982315063477,18.955495834350586,18.964576721191406,19.032697677612305,33032200.0,13.727849960327148
2010-12-22,18.991825103759766,18.801090240478516,18.946413040161133,18.837421417236328,32372900.0,13.586997032165527
2010-12-23,19.03723907470703,18.751134872436523,18.778383255004883,18.955495834350586,18720000.0,13.672163963317871
2010-12-27,19.06448745727539,18.8328800201416,18.841960906982422,18.991825103759766,14431400.0,13.698369979858398
2010-12-28,19.29609489440918,19.046321868896484,19.069028854370117,19.187103271484375,22902100.0,13.839218139648438
2010-12-29,19.355131149291992,19.187103271484375,19.20526885986328,19.218891143798828,19046600.0,13.862147331237793
2010-12-30,19.282470703125,19.146230697631836,19.24159812927246,19.1916446685791,14917000.0,13.842491149902344
2010-12-31,19.246139526367188,19.00090789794922,19.159854888916016,19.118982315063477,16456400.0,13.790081024169922
2011-01-03,19.750226974487305,19.173479080200195,19.173479080200195,19.40962791442871,42656900.0,13.99972152709961
2011-01-04,19.877384185791016,19.532243728637695,19.650318145751953,19.813806533813477,42763500.0,14.291244506835938
2011-01-05,20.081743240356445,19.709354400634766,19.76839256286621,20.072660446166992,43477600.0,14.477946281433105
2011-01-06,20.417802810668945,20.06357765197754,20.081743240356445,20.381471633911133,42272600.0,14.700691223144531
2011-01-07,20.613079071044922,20.304269790649414,20.304269790649414,20.476839065551758,49035600.0,14.769472122192383
2011-01-10,20.45867347717285,20.240690231323242,20.37238883972168,20.37238883972168,28563000.0,14.694135665893555
2011-01-11,20.917346954345703,20.52679443359375,20.535877227783203,20.631244659423828,55004800.0,14.88084602355957
2011-01-12,20.75840187072754,20.558582305908203,20.658493041992188,20.726612091064453,31664300.0,14.949628829956055
2011-01-13,20.81743812561035,20.57674789428711,20.649410247802734,20.73115348815918,28887100.0,14.952908515930176
2011-01-14,21.071752548217773,20.712987899780273,20.762943267822266,21.003633499145508,33773100.0,15.149434089660645
2011-01-18,21.080835342407227,20.926429748535156,20.953678131103516,21.044504165649414,32492400.0,15.178915023803711
2011-01-19,21.108083724975586,20.926429748535156,20.994550704956055,21.035423278808594,36369900.0,15.172367095947266
2011-01-20,21.248865127563477,20.781108856201172,20.926429748535156,21.24432373046875,47405700.0,15.323046684265137
2011-01-21,21.634878158569336,21.267030715942383,21.32152557373047,21.44868278503418,65627000.0,15.470444679260254
2011-01-24,21.612171173095703,21.18982696533203,21.20345115661621,21.594005584716797,37324500.0,15.5752592086792
2011-01-25,21.721162796020508,21.289735794067383,21.689373016357422,21.380563735961914,38899600.0,15.421308517456055
2011-01-26,21.471389770507812,21.148956298828125,21.326066970825195,21.289735794067383,31716500.0,15.355795860290527
2011-01-27,21.33514976501465,21.15349769592285,21.33514976501465,21.226158142089844,31695300.0,15.309944152832031
2011-01-28,21.20345115661621,20.599454879760742,21.18982696533203,20.66757583618164,45469300.0,14.907052040100098
2011-01-31,20.762943267822266,20.495004653930664,20.622161865234375,20.749319076538086,47145400.0,14.9660062789917
2011-02-01,21.162578582763672,20.84468650817871,20.926429748535156,21.126249313354492,31903600.0,15.23788070678711
2011-02-02,21.366939544677734,21.085376739501953,21.094459533691406,21.29427719116211,25852500.0,15.3590726852417
2011-02-03,21.56221580505371,21.10354232788086,21.239782333374023,21.48955535888672,34391200.0,15.499920845031738
2011-02-04,21.584922790527344,21.380563735961914,21.471389770507812,21.539508819580078,24691900.0,15.535954475402832
2011-02-07,21.98910140991211,21.621253967285156,21.66666603088379,21.8619441986084,38285700.0,15.768515586853027
2011-02-08,21.90735626220703,21.689373016357422,21.839237213134766,21.8619441986084,21798400.0,15.768515586853027
2011-02-09,22.225250244140625,21.7938232421875,21.825613021850586,22.225250244140625,42495200.0,16.03056526184082
2011-02-10,22.429609298706055,21.866485595703125,22.007266998291016,22.043596267700195,50968300.0,15.899542808532715
2011-02-11,22.16621208190918,21.90735626220703,21.97547721862793,22.08901023864746,31594700.0,15.932296752929688
2011-02-14,22.107175827026367,21.825613021850586,22.00272560119629,21.939146041870117,26403500.0,15.824201583862305
2011-02-15,21.880109786987305,21.58946418762207,21.625795364379883,21.7938232421875,27679500.0,15.719388008117676
2011-02-16,22.30699348449707,21.96185302734375,22.020889282226562,22.247957229614258,33038800.0,16.04694175720215
2011-02-17,22.157129287719727,21.92098045349121,22.10263442993164,22.079927444458008,21648000.0,15.925745010375977
2011-02-18,22.161670684814453,21.957311630249023,22.161670684814453,22.10263442993164,29789700.0,15.94212532043457
2011-02-22,22.048137664794922,21.466848373413086,21.60308837890625,21.902814865112305,67891400.0,15.797996520996094
2011-02-23,19.854677200317383,19.33242416381836,19.836511611938477,19.79564094543457,212846600.0,14.278142929077148
2011-02-24,19.6412353515625,19.109899520874023,19.60036277770996,19.150772094726562,125124900.0,13.813010215759277
2011-02-25,19.43687629699707,19.209808349609375,19.264305114746094,19.38237953186035,58977700.0,13.980064392089844
2011-02-28,19.904632568359375,19.504995346069336,19.554950714111328,19.813806533813477,60966700.0,14.291244506835938
2011-03-01,19.9091739654541,19.455039978027344,19.81834602355957,19.48682975769043,43070000.0,14.055399894714355
2011-03-02,19.763851165771484,19.427793502807617,19.45958137512207,19.636693954467773,32207500.0,14.163495063781738
2011-03-03,19.918256759643555,19.582197189331055,19.827428817749023,19.618528366088867,46410400.0,14.150392532348633
2011-03-04,19.7320613861084,19.10081672668457,19.645776748657227,19.350589752197266,61036700.0,13.957133293151855
2011-03-07,19.5504093170166,19.046321868896484,19.482288360595703,19.06448745727539,39176800.0,13.750775337219238
2011-03-08,19.39600372314453,19.05086326599121,19.16893768310547,19.25522232055664,34500200.0,13.888349533081055
2011-03-09,19.25522232055664,18.964576721191406,19.25522232055664,19.096275329589844,33616800.0,13.773703575134277
2011-03-10,19.028156280517578,18.737510681152344,18.960037231445312,18.837421417236328,43823100.0,13.586997032165527
2011-03-11,19.0145320892334,18.78292465209961,18.81017303466797,18.95095443725586,36279400.0,13.668888092041016
2011-03-14,19.14168930053711,18.746593475341797,18.760217666625977,18.841960906982422,38435200.0,13.647889137268066
2011-03-15,18.70572280883789,18.31970977783203,18.446866989135742,18.587648391723633,48816300.0,13.463680267333984
2011-03-16,18.764759063720703,18.210718154907227,18.533151626586914,18.228883743286133,56758000.0,13.203814506530762
2011-03-17,18.996366500854492,18.492279052734375,18.4968204498291,18.814714431762695,58591400.0,13.628150939941406
2011-03-18,19.132606506347656,18.746593475341797,19.041780471801758,18.764759063720703,63678000.0,13.591965675354004
2011-03-21,19.118982315063477,18.914623260498047,19.005449295043945,18.969118118286133,31760500.0,13.73999309539795
2011-03-22,19.00090789794922,18.778383255004883,18.95095443725586,18.955495834350586,31596400.0,13.730124473571777
2011-03-23,19.200727462768555,18.851043701171875,18.864667892456055,19.105358123779297,33455600.0,13.83867359161377
2011-03-24,19.591279983520508,19.1916446685791,19.2143497467041,19.573116302490234,40888700.0,14.177488327026367
2011-03-25,19.65485954284668,19.223432540893555,19.455039978027344,19.314260482788086,34191100.0,13.989989280700684
2011-03-28,19.45050048828125,19.123523712158203,19.264305114746094,19.137147903442383,25038000.0,13.861701965332031
2011-03-29,19.07811164855957,17.07538604736328,19.0145320892334,18.669391632080078,57533100.0,13.522889137268066
2011-03-30,18.837421417236328,18.528610229492188,18.701181411743164,18.75567626953125,38219000.0,13.585390090942383
2011-03-31,18.837421417236328,18.60127067565918,18.760217666625977,18.605812072753906,35154900.0,13.476837158203125
2011-04-01,18.6557674407959,18.392370223999023,18.6557674407959,18.610353469848633,42300100.0,13.480130195617676
2011-04-04,18.56494140625,18.25613021850586,18.460491180419922,18.31970977783203,48102200.0,13.269603729248047
2011-04-05,18.519527435302734,18.260671615600586,18.33333396911621,18.2970027923584,35568200.0,13.253154754638672
2011-04-06,18.778383255004883,18.315168380737305,18.337875366210938,18.701181411743164,43334600.0,13.545917510986328
2011-04-07,18.982742309570312,18.646684646606445,18.778383255004883,18.6557674407959,36758200.0,13.513023376464844
2011-04-08,18.637601852416992,18.401453018188477,18.619436264038086,18.483196258544922,29206200.0,13.38802433013916
2011-04-11,18.746593475341797,18.46503257751465,18.48773765563965,18.64214324951172,28198100.0,13.503149032592773
2011-04-12,18.701181411743164,18.405994415283203,18.4741153717041,18.6557674407959,29022800.0,13.513023376464844
2011-04-13,18.86920928955078,18.55131721496582,18.623977661132812,18.67847442626953,27977000.0,13.529463768005371
2011-04-14,18.4968204498291,18.21980094909668,18.392370223999023,18.328792572021484,37244100.0,13.276182174682617
2011-04-15,18.469573974609375,18.25613021850586,18.337875366210938,18.28337860107422,32344000.0,13.243287086486816
2011-04-18,18.183469772338867,17.783832550048828,18.147138595581055,18.05177116394043,40814700.0,13.07552433013916
2011-04-19,18.188011169433594,17.8701171875,18.088102340698242,18.160762786865234,29737100.0,13.154475212097168
2011-04-20,18.70572280883789,18.460491180419922,18.46503257751465,18.569482803344727,31271000.0,13.450520515441895
2011-04-21,18.710264205932617,18.492279052734375,18.710264205932617,18.61489486694336,20957700.0,13.483416557312012
2011-04-25,18.696640014648438,18.365121841430664,18.646684646606445,18.405994415283203,30662800.0,13.332101821899414
2011-04-26,18.60127067565918,18.19255256652832,18.35603904724121,18.478654861450195,46682400.0,13.384730339050293
2011-04-27,18.70572280883789,18.48773765563965,18.546775817871094,18.637601852416992,28855200.0,13.499862670898438
2011-04-28,18.75567626953125,18.337875366210938,18.71934700012207,18.405994415283203,43227400.0,13.332101821899414
2011-04-29,18.46503257751465,18.160762786865234,18.455949783325195,18.33333396911621,31813100.0,13.279471397399902
2011-05-02,18.519527435302734,18.15167999267578,18.478654861450195,18.201635360717773,31406900.0,13.184078216552734
2011-05-03,18.337875366210938,18.074478149414062,18.101726531982422,18.315168380737305,32734400.0,13.266313552856445
2011-05-04,18.673933029174805,18.260671615600586,18.337875366210938,18.59218978881836,33850900.0,13.466967582702637
2011-05-05,18.76930046081543,18.442325592041016,18.460491180419922,18.528610229492188,28342600.0,13.420915603637695
2011-05-06,18.8555850982666,18.4741153717041,18.64214324951172,18.533151626586914,28250500.0,13.424205780029297
2011-05-09,18.78292465209961,18.505903244018555,18.52406883239746,18.62851905822754,20495900.0,13.49328327178955
2011-05-10,18.955495834350586,18.619436264038086,18.6557674407959,18.878292083740234,19832000.0,13.674203872680664
2011-05-11,18.873750686645508,18.51044464111328,18.837421417236328,18.646684646606445,37273400.0,13.506444931030273
2011-05-12,18.701181411743164,18.48773765563965,18.56494140625,18.56494140625,31191900.0,13.447235107421875
2011-05-13,18.555858612060547,18.265213012695312,18.528610229492188,18.351499557495117,30978300.0,13.292630195617676
2011-05-16,18.31970977783203,18.01089859008789,18.25613021850586,18.074478149414062,40213300.0,13.091974258422852
2011-05-17,17.10263442993164,16.366939544677734,17.0617618560791,16.762035369873047,221134000.0,12.141324996948242
2011-05-18,16.639419555664062,16.3442325592041,16.634878158569336,16.571298599243164,98306500.0,12.00317096710205
2011-05-19,16.65304183959961,16.348773956298828,16.544050216674805,16.40781021118164,68518700.0,11.884749412536621
2011-05-20,16.507720947265625,16.30790138244629,16.353315353393555,16.339691162109375,50658900.0,11.835407257080078
2011-05-23,16.348773956298828,16.094459533691406,16.158039093017578,16.262489318847656,58336900.0,11.779486656188965
2011-05-24,16.42143440246582,16.158039093017578,16.17620277404785,16.33514976501465,60180400.0,11.832117080688477
2011-05-25,16.416893005371094,16.20345115661621,16.20345115661621,16.353315353393555,56094800.0,11.84527587890625
2011-05-26,16.684831619262695,16.330608367919922,16.3442325592041,16.598546981811523,59849900.0,12.022905349731445
2011-05-27,16.82107162475586,16.675748825073242,16.684831619262695,16.784740447998047,45412900.0,12.157770156860352
2011-05-31,17.03905487060547,16.88465118408203,16.930063247680664,16.97547721862793,60264300.0,12.295929908752441
2011-06-01,16.943687438964844,16.57583999633789,16.89373207092285,16.634878158569336,42534200.0,12.049219131469727
2011-06-02,16.648500442504883,16.48955535888672,16.612171173095703,16.544050216674805,36684400.0,11.983428955078125
2011-06-03,16.521345138549805,16.348773956298828,16.37148094177246,16.39872932434082,35152200.0,11.878170013427734
2011-06-06,16.457765579223633,16.30790138244629,16.3442325592041,16.330608367919922,33927700.0,11.828827857971191
2011-06-07,16.416893005371094,16.15349769592285,16.40781021118164,16.15349769592285,37202100.0,11.700539588928223
2011-06-08,16.235240936279297,15.985467910766602,15.999092102050781,16.058128356933594,35259500.0,11.631461143493652
2011-06-09,16.226158142089844,16.058128356933594,16.126249313354492,16.10354232788086,25523100.0,11.66435718536377
2011-06-10,16.135332107543945,15.958219528198242,16.126249313354492,16.008174896240234,31533700.0,11.59527587890625
2011-06-13,15.976385116577148,15.712987899780273,15.953678131103516,15.735694885253906,47868800.0,11.483996391296387
2011-06-14,16.021799087524414,15.73115348815918,15.826520919799805,15.772025108337402,44312100.0,11.510512351989746
2011-06-15,15.694823265075684,15.417801856994629,15.681199073791504,15.55858325958252,54940100.0,11.354740142822266
2011-06-16,15.944596290588379,15.467756271362305,15.481380462646484,15.881017684936523,62025200.0,11.59005355834961
2011-06-17,16.039962768554688,15.867393493652344,15.994550704956055,15.894640922546387,86674600.0,11.599996566772461
2011-06-20,16.039962768554688,15.799273490905762,15.799273490905762,15.89009952545166,36622700.0,11.59668254852295
2011-06-21,16.18982696533203,15.908265113830566,15.953678131103516,16.030881881713867,37343200.0,11.69942569732666
2011-06-22,16.121707916259766,15.944596290588379,16.039962768554688,15.949136734008789,28249000.0,11.639766693115234
2011-06-23,16.02634048461914,15.690281867980957,15.812897682189941,15.999092102050781,42936300.0,11.676225662231445
2011-06-24,15.990009307861328,15.840145111083984,15.976385116577148,15.849227905273438,81145000.0,11.566855430603027
2011-06-27,16.053586959838867,15.853769302368164,15.91734790802002,15.885558128356934,33563700.0,11.593368530273438
2011-06-28,15.985467910766602,15.876476287841797,15.926430702209473,15.935513496398926,31350000.0,11.629825592041016
2011-06-29,16.1671199798584,15.935513496398926,15.971843719482422,16.1444149017334,29754700.0,11.782282829284668
2011-06-30,16.911897659301758,16.453224182128906,16.485013961791992,16.530426025390625,60283900.0,12.063997268676758
2011-07-01,16.8619441986084,16.5031795501709,16.598546981811523,16.825613021850586,32710200.0,12.279423713684082
2011-07-05,16.802906036376953,16.471389770507812,16.7029972076416,16.56221580505371,36084100.0,12.087198257446289
2011-07-06,16.61671257019043,16.394187927246094,16.557674407958984,16.439599990844727,36117600.0,11.997710227966309
2011-07-07,16.61671257019043,16.498638153076172,16.56221580505371,16.553133010864258,35314500.0,12.08056926727295
2011-07-08,16.54859161376953,16.25794792175293,16.40781021118164,16.544050216674805,33198200.0,12.073939323425293
2011-07-11,16.348773956298828,15.971843719482422,16.348773956298828,16.02634048461914,40220400.0,11.696112632751465
2011-07-12,16.21707534790039,15.940054893493652,15.967302322387695,16.017257690429688,33412700.0,11.689484596252441
2011-07-13,16.25794792175293,16.030881881713867,16.0762939453125,16.094459533691406,24364900.0,11.745824813842773
2011-07-14,16.207992553710938,15.899182319641113,16.139873504638672,15.953678131103516,33998600.0,11.643081665039062
2011-07-15,16.071752548217773,15.881017684936523,16.021799087524414,15.935513496398926,33395900.0,11.629825592041016
2011-07-18,15.940054893493652,15.803814888000488,15.885558128356934,15.90372371673584,33749800.0,11.606624603271484
2011-07-19,16.21707534790039,15.862852096557617,16.003633499145508,16.171661376953125,35168300.0,11.802168846130371
2011-07-20,16.267030715942383,15.944596290588379,16.248865127563477,16.021799087524414,33050000.0,11.69279956817627
2011-07-21,16.516803741455078,15.85831069946289,16.04904556274414,16.453224182128906,39892500.0,12.00765323638916
2011-07-22,16.857402801513672,16.51226234436035,16.539508819580078,16.66666603088379,35325100.0,12.163423538208008
2011-07-25,16.984560012817383,16.44868278503418,16.471389770507812,16.843778610229492,42153100.0,12.292685508728027
2011-07-26,17.120800018310547,16.82107162475586,16.843778610229492,17.016347885131836,32187200.0,12.41862678527832
2011-07-27,16.898273468017578,16.553133010864258,16.771116256713867,16.712080001831055,41713300.0,12.196566581726074
2011-07-28,16.748411178588867,16.403268814086914,16.65304183959961,16.453224182128906,32379500.0,12.00765323638916
2011-07-29,16.29427719116211,15.940054893493652,16.25794792175293,15.971843719482422,45043400.0,11.656341552734375
2011-08-01,16.121707916259766,15.74477767944336,16.0762939453125,15.985467910766602,34665400.0,11.666284561157227
2011-08-02,15.944596290588379,15.594913482666016,15.821980476379395,15.599454879760742,35387000.0,11.38456916809082
2011-08-03,15.67211627960205,15.31335163116455,15.576748847961426,15.567666053771973,46468500.0,11.361370086669922
2011-08-04,15.322434425354004,14.759309768676758,15.317893028259277,14.777475357055664,55492300.0,10.784682273864746
2011-08-05,14.981834411621094,14.31425952911377,14.909173011779785,14.818346977233887,69509800.0,10.8145112991333
2011-08-08,14.48682975769043,13.95549488067627,14.137147903442383,13.991826057434082,74474200.0,10.211310386657715
2011-08-09,14.32788372039795,13.510444641113281,14.0690279006958,14.318800926208496,72602300.0,10.449939727783203
2011-08-10,14.087193489074707,13.524068832397461,14.032697677612305,13.560400009155273,60997100.0,9.896453857421875
2011-08-11,14.273387908935547,13.510444641113281,13.510444641113281,14.100817680358887,59152300.0,10.290854454040527
2011-08-12,14.695731163024902,14.332425117492676,14.46866512298584,14.677565574645996,52231600.0,10.71176815032959
2011-08-15,14.881925582885742,14.636693954467773,14.691189765930176,14.727519989013672,38070100.0,10.7482271194458
2011-08-16,14.977293014526367,14.48682975769043,14.50045394897461,14.809264183044434,39977700.0,10.807881355285645
2011-08-17,14.623069763183594,14.064486503601074,14.523160934448242,14.25522232055664,53887700.0,10.40354061126709
2011-08-18,15.440508842468262,13.00635814666748,13.560400009155273,13.401453018188477,211412900.0,9.780452728271484
2011-08-19,10.90372371673584,10.331517219543457,10.717529296875,10.717529296875,283937900.0,7.821711540222168
2011-08-22,11.457765579223633,10.958219528198242,10.971843719482422,11.10354232788086,134617000.0,8.103424072265625
2011-08-23,11.23069953918457,10.921889305114746,11.139872550964355,11.144413948059082,75178400.0,8.133255004882812
2011-08-24,11.489555358886719,11.012715339660645,11.144413948059082,11.44868278503418,63646800.0,8.35531234741211
2011-08-25,11.466848373413086,11.117166519165039,11.41689395904541,11.366939544677734,56269600.0,8.295656204223633
2011-08-26,11.503178596496582,11.08991813659668,11.180745124816895,11.271571159362793,50299100.0,8.226055145263672
2011-08-29,11.875567436218262,11.307902336120605,11.330608367919922,11.861943244934082,50811800.0,8.656912803649902
2011-08-30,11.893733024597168,11.680290222167969,11.798365592956543,11.830154418945312,51554500.0,8.633709907531738
2011-08-31,11.99364185333252,11.780200004577637,11.930063247680664,11.82107162475586,49853200.0,8.627082824707031
2011-09-01,12.016348838806152,11.653042793273926,11.898274421691895,11.657584190368652,36037000.0,8.507770538330078
2011-09-02,11.398728370666504,11.04450511932373,11.376021385192871,11.053587913513184,41261000.0,8.066967010498047
2011-09-06,10.753860473632812,10.399636268615723,10.5722074508667,10.73115348815918,62000800.0,7.831655025482178
2011-09-07,11.049046516418457,10.76294231414795,10.885558128356934,10.962760925292969,45019200.0,8.000683784484863
2011-09-08,11.203451156616211,10.831062316894531,11.05812931060791,10.840145111083984,47381900.0,7.911198616027832
2011-09-09,10.74477767944336,10.21798324584961,10.694823265075684,10.286103248596191,81245800.0,7.506857395172119
2011-09-12,10.263397216796875,10.049954414367676,10.049954414367676,10.254314422607422,62155800.0,7.571992874145508
2011-09-13,10.34514045715332,10.18619441986084,10.277020454406738,10.308810234069824,53611400.0,7.612232685089111
2011-09-14,10.504087448120117,10.163487434387207,10.304268836975098,10.413260459899902,49601500.0,7.689363479614258
2011-09-15,10.599454879760742,10.322434425354004,10.54495906829834,10.567666053771973,34834700.0,7.8033766746521
2011-09-16,10.712987899780273,10.51317024230957,10.631244659423828,10.68574047088623,51567900.0,7.890565395355225
2011-09-19,10.540417671203613,10.272480010986328,10.490463256835938,10.40417766571045,37159100.0,7.682654857635498
2011-09-20,10.481380462646484,10.190735816955566,10.38601303100586,10.204360008239746,56909500.0,7.535104751586914
2011-09-21,11.398728370666504,10.086285591125488,10.254314422607422,10.89009952545166,194598200.0,8.041468620300293
2011-09-22,10.767483711242676,10.108991622924805,10.467756271362305,10.354223251342773,141623100.0,7.645767688751221
2011-09-23,10.272480010986328,9.763851165771484,10.227066040039062,10.136240005493164,151729900.0,7.484801292419434
2011-09-26,10.476839065551758,10.18619441986084,10.258855819702148,10.31335163116455,70296600.0,7.61558723449707
2011-09-27,11.126249313354492,10.535876274108887,10.608537673950195,10.712987899780273,87035800.0,7.910684585571289
2011-09-28,10.89009952545166,10.495004653930664,10.87193489074707,10.53133487701416,52441500.0,7.776549816131592
2011-09-29,11.108083724975586,10.599454879760742,10.812897682189941,10.799273490905762,59073200.0,7.974403381347656
2011-09-30,10.785649299621582,10.181653022766113,10.70390510559082,10.195277214050293,88339100.0,7.5283989906311035
2011-10-03,10.54495906829834,10.072661399841309,10.299727439880371,10.081744194030762,62751400.0,7.4445648193359375
2011-10-04,10.476839065551758,9.918255805969238,9.959128379821777,10.454133033752441,68262000.0,7.719541549682617
2011-10-05,10.958219528198242,10.376930236816406,10.435967445373535,10.835603713989258,68344700.0,8.001228332519531
2011-10-06,11.380562782287598,10.840145111083984,10.962760925292969,11.376021385192871,62709600.0,8.400282859802246
2011-10-07,11.639418601989746,11.144413948059082,11.398728370666504,11.298819541931152,66480500.0,8.343276977539062
2011-10-10,11.802906036376953,11.485013961791992,11.503178596496582,11.689373016357422,47821200.0,8.631669044494629
2011-10-11,11.82107162475586,11.571298599243164,11.62125301361084,11.771117210388184,38865900.0,8.692030906677246
2011-10-12,11.939146041870117,11.657584190368652,11.861943244934082,11.74841022491455,45473000.0,8.675262451171875
2011-10-13,11.784741401672363,11.41689395904541,11.771117210388184,11.639418601989746,34114700.0,8.594780921936035
2011-10-14,11.96185302734375,11.766575813293457,11.816530227661133,11.857402801513672,26379000.0,8.755743980407715
2011-10-17,11.780200004577637,11.21707534790039,11.734786987304688,11.2897367477417,36848400.0,8.336569786071777
2011-10-18,11.721162796020508,11.148955345153809,11.23069953918457,11.630335807800293,45327000.0,8.588072776794434
2011-10-19,11.580381393432617,11.280653953552246,11.516802787780762,11.344232559204102,30336000.0,8.376808166503906
2011-10-20,11.362398147583008,11.012715339660645,11.303360939025879,11.235240936279297,41184200.0,8.2963285446167
2011-10-21,11.616711616516113,11.344232559204102,11.376021385192871,11.525885581970215,32969200.0,8.510943412780762
2011-10-24,11.880108833312988,11.566757202148438,11.625794410705566,11.816530227661133,27818700.0,8.725564002990723
2011-10-25,11.780200004577637,11.353315353393555,11.771117210388184,11.376021385192871,33247300.0,8.400282859802246
2011-10-26,11.752951622009277,11.280653953552246,11.407811164855957,11.693914413452148,44776100.0,8.635021209716797
2011-10-27,12.46139907836914,12.002724647521973,12.025431632995605,12.257039070129395,57765200.0,9.050841331481934
2011-10-28,12.974568367004395,12.515894889831543,12.588556289672852,12.688465118408203,60502300.0,9.369417190551758
2011-10-31,12.515894889831543,12.084468841552734,12.443233489990234,12.084468841552734,36597900.0,8.92341423034668
2011-11-01,11.839237213134766,11.512261390686035,11.76203441619873,11.643959999084473,42338000.0,8.598134994506836
2011-11-02,11.970935821533203,11.712080001831055,11.77565860748291,11.766575813293457,35995800.0,8.688676834106445
2011-11-03,12.252497673034668,11.734786987304688,11.898274421691895,12.188919067382812,35458100.0,9.000544548034668
2011-11-04,12.252497673034668,11.96185302734375,12.125340461730957,12.247956275939941,27821100.0,9.044137001037598
2011-11-07,12.670299530029297,12.184377670288086,12.284287452697754,12.661216735839844,39393700.0,9.349296569824219
2011-11-08,12.765667915344238,12.443233489990234,12.765667915344238,12.643052101135254,38344000.0,9.335884094238281
2011-11-09,12.356947898864746,11.920980453491211,12.338783264160156,11.957311630249023,41072100.0,8.829519271850586
2011-11-10,12.225250244140625,11.94822883605957,12.052679061889648,12.152588844299316,33130100.0,8.973716735839844
2011-11-11,12.620345115661621,12.329700469970703,12.3660306930542,12.524977684020996,28986000.0,9.24869441986084
2011-11-14,12.579473495483398,12.30699348449707,12.515894889831543,12.406903266906738,25022800.0,9.161504745483398
2011-11-15,12.906448364257812,12.30699348449707,12.347865104675293,12.824705123901367,44235500.0,9.470020294189453
2011-11-16,12.983651161193848,12.552225112915039,12.756585121154785,12.683923721313477,44428600.0,9.366061210632324
2011-11-17,12.656675338745117,12.17983627319336,12.643052101135254,12.393279075622559,40352900.0,9.151446342468262
2011-11-18,12.89736557006836,12.552225112915039,12.615803718566895,12.711172103881836,64464200.0,9.386187553405762
2011-11-21,12.438692092895508,11.93460464477539,12.279746055603027,12.198001861572266,75977300.0,9.00724983215332
2011-11-22,12.157130241394043,11.466848373413086,11.925521850585938,12.10263442993164,109866800.0,8.936826705932617
2011-11-23,12.116257667541504,11.643959999084473,11.939146041870117,11.707538604736328,53940400.0,8.645081520080566
2011-11-25,11.743868827819824,11.521344184875488,11.625794410705566,11.530426979064941,19859800.0,8.514301300048828
2011-11-28,12.089010238647461,11.63487720489502,11.802906036376953,12.048137664794922,43727300.0,8.896585464477539
2011-11-29,12.488646507263184,12.084468841552734,12.266121864318848,12.216167449951172,59906700.0,9.020662307739258
2011-11-30,12.783832550048828,12.46139907836914,12.46139907836914,12.69300651550293,79655300.0,9.372772216796875
2011-12-01,12.915531158447266,12.46139907836914,12.46139907836914,12.815622329711914,48815200.0,9.463314056396484
2011-12-02,12.942779541015625,12.543142318725586,12.938238143920898,12.570390701293945,45038300.0,9.282231330871582
2011-12-05,12.89736557006836,12.656675338745117,12.70663070678711,12.770209312438965,40751500.0,9.429780006408691
2011-12-06,12.915531158447266,12.584014892578125,12.597638130187988,12.797456741333008,37991700.0,9.44990062713623
2011-12-07,12.979109764099121,12.570390701293945,12.656675338745117,12.901906967163086,39457600.0,9.52702808380127
2011-12-08,13.019981384277344,12.515894889831543,12.792915344238281,12.561307907104492,47746100.0,9.275521278381348
2011-12-09,12.910989761352539,12.497729301452637,12.53860092163086,12.670299530029297,42526700.0,9.356006622314453
2011-12-12,12.470480918884277,12.29336929321289,12.29336929321289,12.415985107421875,43156500.0,9.25587272644043
2011-12-13,12.64759349822998,12.10263442993164,12.447774887084961,12.170753479003906,40160700.0,9.073058128356934
2011-12-14,12.152588844299316,11.784741401672363,12.093551635742188,11.980018615722656,49147500.0,8.930870056152344
2011-12-15,12.129881858825684,11.861943244934082,12.098093032836914,11.880108833312988,39440400.0,8.8563871383667
2011-12-16,12.111716270446777,11.730245590209961,11.96185302734375,11.734786987304688,72903300.0,8.748054504394531
2011-12-19,11.843778610229492,11.362398147583008,11.784741401672363,11.412352561950684,37086700.0,8.507688522338867
2011-12-20,11.884650230407715,11.594005584716797,11.594005584716797,11.766575813293457,32525300.0,8.771753311157227
2011-12-21,11.752951622009277,11.371480941772461,11.698455810546875,11.553133964538574,43380900.0,8.612634658813477
2011-12-22,11.802906036376953,11.553133964538574,11.594005584716797,11.743868827819824,28505300.0,8.754826545715332
2011-12-23,11.793824195861816,11.693914413452148,11.766575813293457,11.752951622009277,23351100.0,8.7615966796875
2011-12-27,11.798365592956543,11.63487720489502,11.657584190368652,11.6485013961792,26312100.0,8.683731079101562
2011-12-28,11.684831619262695,11.421435356140137,11.598546981811523,11.444141387939453,23050900.0,8.53138542175293
2011-12-29,11.657584190368652,11.412352561950684,11.412352561950684,11.63487720489502,20169800.0,8.67357349395752
2011-12-30,11.798365592956543,11.580381393432617,11.58946418762207,11.698455810546875,25310000.0,8.720970153808594
2012-01-03,12.184377670288086,11.952770233154297,11.952770233154297,12.089010238647461,29487800.0,9.012121200561523
2012-01-04,12.170753479003906,12.0072660446167,12.043596267700195,12.079927444458008,24478300.0,9.005349159240723
2012-01-05,12.075386047363281,11.920980453491211,11.952770233154297,12.034514427185059,30491000.0,8.971494674682617
2012-01-06,12.084468841552734,11.943687438964844,12.066303253173828,11.989100456237793,25775900.0,8.937641143798828
2012-01-09,12.084468841552734,11.957311630249023,11.984559059143066,12.0072660446167,24350500.0,8.951183319091797
2012-01-10,12.216167449951172,12.070844650268555,12.12079906463623,12.12079906463623,27737900.0,9.035818099975586
2012-01-11,12.111716270446777,11.957311630249023,12.034514427185059,12.098093032836914,29947200.0,9.018891334533691
2012-01-12,12.257039070129395,12.10263442993164,12.138964653015137,12.238873481750488,22961700.0,9.123841285705566
2012-01-13,12.211626052856445,11.97547721862793,12.129881858825684,12.029973030090332,25997000.0,8.968108177185059
2012-01-17,12.207084655761719,11.989100456237793,12.143506050109863,12.016348838806152,24645000.0,8.957952499389648
2012-01-18,12.261580467224121,11.989100456237793,11.989100456237793,12.261580467224121,25251400.0,9.140767097473145
2012-01-19,12.375113487243652,12.207084655761719,12.270663261413574,12.329700469970703,24623800.0,9.19155216217041
2012-01-20,12.797456741333008,12.284287452697754,12.316076278686523,12.774749755859375,49524700.0,9.523327827453613
2012-01-23,13.115349769592285,12.688465118408203,12.688465118408203,13.02452278137207,48962100.0,9.709528923034668
2012-01-24,13.097184181213379,12.806539535522461,12.82016372680664,12.951862335205078,32782700.0,9.655364036560059
2012-01-25,12.960944175720215,12.733878135681152,12.901906967163086,12.861035346984863,29325300.0,9.58764934539795
2012-01-26,12.929155349731445,12.64759349822998,12.811080932617188,12.711172103881836,25121000.0,9.475932121276855
2012-01-27,12.752043724060059,12.534059524536133,12.561307907104492,12.661216735839844,26209300.0,9.438690185546875
2012-01-30,12.733878135681152,12.3660306930542,12.379654884338379,12.661216735839844,26692200.0,9.438690185546875
2012-01-31,12.82016372680664,12.475022315979004,12.801998138427734,12.70663070678711,30277500.0,9.472546577453613
2012-02-01,13.128973960876465,12.792915344238281,12.82016372680664,13.060853958129883,32944100.0,9.736612319946289
2012-02-02,13.101725578308105,12.888283729553223,13.042688369750977,12.942779541015625,27984300.0,9.648591041564941
2012-02-03,13.265213012695312,13.079019546508789,13.115349769592285,13.201634407043457,25609900.0,9.841562271118164
2012-02-06,13.219799995422363,13.05177116394043,13.160762786865234,13.060853958129883,28194400.0,9.736612319946289
2012-02-07,13.247048377990723,12.983651161193848,13.047229766845703,13.147138595581055,32116100.0,9.800932884216309
2012-02-08,13.42416000366211,13.119891166687012,13.156221389770508,13.37874698638916,29045700.0,9.973596572875977
2012-02-09,13.392370223999023,13.183469772338867,13.342415809631348,13.219799995422363,35306600.0,9.855101585388184
2012-02-10,13.165304183959961,12.938238143920898,13.124432563781738,13.033605575561523,22073500.0,9.716299057006836
2012-02-13,13.169845581054688,12.906448364257812,13.110808372497559,13.056312561035156,20170700.0,9.73322582244873
2012-02-14,13.206175804138184,13.001816749572754,13.033605575561523,13.206175804138184,24151500.0,9.84494400024414
2012-02-15,13.419618606567383,13.156221389770508,13.37874698638916,13.22434139251709,34663200.0,9.858488082885742
2012-02-16,13.614895820617676,13.138056755065918,13.142597198486328,13.574023246765137,45416900.0,10.119169235229492
2012-02-17,13.623978614807129,13.41053581237793,13.601271629333496,13.437784194946289,40803900.0,10.017605781555176
2012-02-21,13.496821403503418,13.247048377990723,13.405994415283203,13.328791618347168,31564500.0,9.936354637145996
2012-02-22,13.269754409790039,13.069936752319336,13.23796558380127,13.142597198486328,63042800.0,9.797550201416016
2012-02-23,12.656675338745117,12.193460464477539,12.534059524536133,12.284287452697754,157176300.0,9.157696723937988
2012-02-24,12.302452087402344,12.066303253173828,12.261580467224121,12.098093032836914,61370400.0,9.018891334533691
2012-02-27,12.084468841552734,11.857402801513672,11.952770233154297,11.920980453491211,62169000.0,8.886858940124512
2012-02-28,11.980018615722656,11.811988830566406,11.893733024597168,11.889191627502441,50854500.0,8.863161087036133
2012-02-29,11.920980453491211,11.480472564697266,11.911898612976074,11.494095802307129,85514000.0,8.568623542785645
2012-03-01,11.6485013961792,11.439599990844727,11.512261390686035,11.466848373413086,55506000.0,8.548312187194824
2012-03-02,11.612171173095703,11.43051815032959,11.466848373413086,11.498637199401855,49792900.0,8.572010040283203
2012-03-05,11.457765579223633,11.226158142089844,11.43505859375,11.357856750488281,54422600.0,8.467061042785645
2012-03-06,11.257946968078613,10.908265113830566,11.162579536437988,10.976385116577148,71076100.0,8.182680130004883
2012-03-07,11.135331153869629,10.985467910766602,11.003633499145508,11.062670707702637,36185000.0,8.247003555297852
2012-03-08,11.235240936279297,11.053587913513184,11.099000930786133,11.189826965332031,30791800.0,8.341797828674316
2012-03-09,11.203451156616211,10.91734790802002,11.167120933532715,10.980926513671875,51575900.0,8.186064720153809
2012-03-12,11.03088092803955,10.876476287841797,10.885558128356934,10.91734790802002,36583800.0,8.228590965270996
2012-03-13,11.189826965332031,10.85831069946289,10.9309720993042,11.158038139343262,51385800.0,8.410006523132324
2012-03-14,11.144413948059082,10.980926513671875,11.021798133850098,11.053587913513184,47708900.0,8.331276893615723
2012-03-15,11.167120933532715,10.935513496398926,10.953678131103516,11.080835342407227,45009500.0,8.351815223693848
2012-03-16,11.148955345153809,10.994550704956055,11.017256736755371,11.121707916259766,45849600.0,8.382621765136719
2012-03-19,11.171662330627441,11.039963722229004,11.139872550964355,11.053587913513184,25903200.0,8.331276893615723
2012-03-20,11.067211151123047,10.885558128356934,11.062670707702637,10.89009952545166,53160000.0,8.208053588867188
2012-03-21,10.962760925292969,10.608537673950195,10.944596290588379,10.653950691223145,100204800.0,8.03006649017334
2012-03-22,10.5722074508667,10.40417766571045,10.517711639404297,10.458673477172852,75506100.0,7.882879734039307
2012-03-23,10.735694885253906,10.408719062805176,10.485921859741211,10.73115348815918,45554000.0,8.088254928588867
2012-03-26,10.867393493652344,10.694823265075684,10.835603713989258,10.849227905273438,52524000.0,8.17724895477295
2012-03-27,10.885558128356934,10.726612091064453,10.881017684936523,10.726612091064453,40436400.0,8.084830284118652
2012-03-28,10.812897682189941,10.649409294128418,10.76294231414795,10.708446502685547,45144500.0,8.071139335632324
2012-03-29,10.722070693969727,10.613079071044922,10.631244659423828,10.676657676696777,38194100.0,8.047181129455566
2012-03-30,10.862852096557617,10.694823265075684,10.73115348815918,10.821980476379395,37217900.0,8.156710624694824
2012-04-02,10.894640922546387,10.758401870727539,10.844686508178711,10.844686508178711,30648300.0,8.173827171325684
2012-04-03,10.926430702209473,10.603996276855469,10.821980476379395,10.649409294128418,34913500.0,8.026642799377441
2012-04-04,10.617620468139648,10.51317024230957,10.54495906829834,10.567666053771973,33824400.0,7.965033054351807
2012-04-05,10.613079071044922,10.481380462646484,10.51317024230957,10.495004653930664,32442200.0,7.910264015197754
2012-04-09,10.590372085571289,10.376930236816406,10.395095825195312,10.508628845214844,33610800.0,7.920534610748291
2012-04-10,10.722070693969727,10.490463256835938,10.522252082824707,10.567666053771973,56912000.0,7.965033054351807
2012-04-11,10.708446502685547,10.554041862487793,10.676657676696777,10.631244659423828,36575200.0,8.012953758239746
2012-04-12,11.41689395904541,10.881017684936523,10.894640922546387,11.398728370666504,95579500.0,8.591418266296387
2012-04-13,11.376021385192871,11.049046516418457,11.321525573730469,11.158038139343262,53908900.0,8.410006523132324
2012-04-16,11.271571159362793,10.976385116577148,11.253405570983887,11.039963722229004,33324800.0,8.32101058959961
2012-04-17,11.385104179382324,11.062670707702637,11.080835342407227,11.226158142089844,35050900.0,8.461348533630371
2012-04-18,11.38964557647705,11.135331153869629,11.153496742248535,11.321525573730469,39862100.0,8.53322982788086
2012-04-19,11.421435356140137,11.117166519165039,11.2897367477417,11.221616744995117,39805300.0,8.457927703857422
2012-04-20,11.326066970825195,11.10354232788086,11.248865127563477,11.130789756774902,43260200.0,8.389466285705566
2012-04-23,11.112625122070312,10.926430702209473,11.017256736755371,11.021798133850098,36980300.0,8.307317733764648
2012-04-24,11.135331153869629,10.999092102050781,11.03088092803955,11.099000930786133,26346700.0,8.365507125854492
2012-04-25,11.285195350646973,11.080835342407227,11.180745124816895,11.27611255645752,39345900.0,8.499000549316406
2012-04-26,11.339691162109375,11.212533950805664,11.239782333374023,11.294278144836426,21712300.0,8.512693405151367
2012-04-27,11.348773956298828,11.198909759521484,11.307902336120605,11.239782333374023,20772500.0,8.471616744995117
2012-04-30,11.26248836517334,11.139872550964355,11.198909759521484,11.24432373046875,20366000.0,8.4750394821167
2012-05-01,11.534968376159668,11.23069953918457,11.23069953918457,11.43051815032959,34302300.0,8.615378379821777
2012-05-02,11.471389770507812,11.294278144836426,11.380562782287598,11.466848373413086,29967800.0,8.642763137817383
2012-05-03,11.503178596496582,11.10354232788086,11.466848373413086,11.117166519165039,32500800.0,8.379199028015137
2012-05-04,11.167120933532715,10.990009307861328,11.071752548217773,11.021798133850098,30896700.0,8.307317733764648
2012-05-07,11.003633499145508,10.803814888000488,10.985467910766602,10.840145111083984,29051800.0,8.170401573181152
2012-05-08,10.758401870727539,10.445050239562988,10.735694885253906,10.590372085571289,54170700.0,7.982146739959717
2012-05-09,10.68574047088623,10.408719062805176,10.490463256835938,10.594913482666016,30901100.0,7.985568046569824
2012-05-10,10.722070693969727,10.490463256835938,10.576748847961426,10.676657676696777,35469100.0,8.047181129455566
2012-05-11,10.676657676696777,10.504087448120117,10.599454879760742,10.51317024230957,35897600.0,7.923957824707031
2012-05-14,10.526793479919434,10.354223251342773,10.445050239562988,10.431426048278809,37041300.0,7.862346649169922
2012-05-15,10.467756271362305,10.15894603729248,10.431426048278809,10.17257022857666,35379500.0,7.667240142822266
2012-05-16,10.331517219543457,9.995458602905273,10.19981861114502,10.004541397094727,35803800.0,7.540594577789307
2012-05-17,10.113533020019531,9.909173011779785,10.004541397094727,10.018165588378906,36844900.0,7.550862789154053
2012-05-18,10.072661399841309,9.663942337036133,10.040871620178223,9.745685577392578,56280900.0,7.345488548278809
2012-05-21,9.977293014526367,9.718438148498535,9.727519989013672,9.940962791442871,35540000.0,7.492673873901367
2012-05-22,9.950045585632324,9.78201675415039,9.940962791442871,9.891008377075195,34813800.0,7.45502233505249
2012-05-23,9.62761116027832,9.341507911682129,9.604904174804688,9.573115348815918,118421100.0,7.215423107147217
2012-05-24,10.290644645690918,9.682106971740723,10.272480010986328,9.886466979980469,129899200.0,7.451599597930908
2012-05-25,10.154404640197754,9.718438148498535,9.750226974487305,10.14078140258789,51980600.0,7.643280982971191
2012-05-29,10.38601303100586,10.163487434387207,10.163487434387207,10.354223251342773,50152300.0,7.804156303405762
2012-05-30,10.354223251342773,10.195277214050293,10.245231628417969,10.32697582244873,45986100.0,7.783619403839111
2012-05-31,10.390554428100586,10.145322799682617,10.3587646484375,10.299727439880371,48214500.0,7.763081073760986
2012-06-01,9.990917205810547,9.62761116027832,9.931879997253418,9.650318145751953,69010600.0,7.2736101150512695
2012-06-04,9.732061386108398,9.477747917175293,9.668482780456543,9.564032554626465,40088900.0,7.208575248718262
2012-06-05,9.877384185791016,9.564032554626465,9.582198143005371,9.845595359802246,44487000.0,7.420793056488037
2012-06-06,10.154404640197754,9.850135803222656,9.854677200317383,10.149864196777344,32429000.0,7.650129318237305
2012-06-07,10.331517219543457,9.995458602905273,10.21798324584961,10.018165588378906,31562100.0,7.550862789154053
2012-06-08,10.149864196777344,9.963669776916504,10.04541301727295,10.131698608398438,25166600.0,7.6364359855651855
2012-06-11,10.18619441986084,9.709355354309082,10.154404640197754,9.722979545593262,31706800.0,7.425114631652832
2012-06-12,9.900091171264648,9.713896751403809,9.750226974487305,9.854677200317383,24670300.0,7.525684833526611
2012-06-13,9.85921859741211,9.691189765930176,9.768392562866211,9.754768371582031,25448700.0,7.449390888214111
2012-06-14,9.872842788696289,9.713896751403809,9.754768371582031,9.804722785949707,23946900.0,7.4875383377075195
2012-06-15,9.98637580871582,9.795639991760254,9.868301391601562,9.82742977142334,38416500.0,7.504878044128418
2012-06-18,9.81380558013916,9.523160934448242,9.763851165771484,9.559491157531738,46979000.0,7.300264358520508
2012-06-19,9.632152557373047,9.423251152038574,9.61398696899414,9.450499534606934,47818600.0,7.217030048370361
2012-06-20,9.636693954467773,9.377838134765625,9.46866512298584,9.609445571899414,38185100.0,7.338411331176758
2012-06-21,9.604904174804688,9.182560920715332,9.573115348815918,9.218892097473145,43249200.0,7.040159225463867
2012-06-22,9.409627914428711,9.209809303283691,9.25522232055664,9.250680923461914,35432300.0,7.06443452835083
2012-06-25,9.205267906188965,8.841961860656738,9.164396286010742,8.878292083740234,49780300.0,6.780054092407227
2012-06-26,8.94187068939209,8.73751163482666,8.878292083740234,8.792007446289062,46797700.0,6.7141618728637695
2012-06-27,8.900999069213867,8.778383255004883,8.792007446289062,8.860127449035645,25362100.0,6.7661824226379395
2012-06-28,8.810173034667969,8.683015823364258,8.778383255004883,8.792007446289062,35102500.0,6.7141618728637695
2012-06-29,9.150772094726562,8.973660469055176,9.014532089233398,9.132606506347656,41492000.0,6.974266529083252
2012-07-02,9.191643714904785,9.023614883422852,9.132606506347656,9.155313491821289,32697200.0,6.991605281829834
2012-07-03,9.250680923461914,9.028156280517578,9.046321868896484,9.246139526367188,16158700.0,7.06096887588501
2012-07-05,9.277929306030273,9.14168930053711,9.205267906188965,9.209809303283691,23178200.0,7.033222198486328
2012-07-06,9.146230697631836,8.832879066467285,9.059945106506348,8.887374877929688,36405800.0,6.786991596221924
2012-07-09,8.891916275024414,8.742053031921387,8.869210243225098,8.823796272277832,27352800.0,6.738438129425049
2012-07-10,8.900999069213867,8.637601852416992,8.801090240478516,8.678474426269531,36986900.0,6.627460956573486
2012-07-11,9.005449295043945,8.651226043701172,8.673933029174805,8.94187068939209,54092300.0,6.82860803604126
2012-07-12,8.851044654846191,8.646684646606445,8.764759063720703,8.787466049194336,51804000.0,6.710693836212158
2012-07-13,8.719346046447754,8.524068832397461,8.714804649353027,8.619437217712402,67303000.0,6.582376956939697
2012-07-16,8.673933029174805,8.519527435302734,8.56948184967041,8.542234420776367,32752500.0,6.52341890335083
2012-07-17,8.628519058227539,8.401453018188477,8.61035442352295,8.56948184967041,45486900.0,6.544225692749023
2012-07-18,8.855586051940918,8.53769302368164,8.55131721496582,8.764759063720703,62340100.0,6.693353176116943
2012-07-19,8.796548843383789,8.637601852416992,8.751134872436523,8.673933029174805,33601100.0,6.623992919921875
2012-07-20,8.646684646606445,8.433242797851562,8.614895820617676,8.451407432556152,32614400.0,6.4540557861328125
2012-07-23,8.37874698638916,8.174386978149414,8.346957206726074,8.310626983642578,38327300.0,6.346548080444336
2012-07-24,8.310626983642578,8.088101387023926,8.283378601074219,8.169845581054688,45746500.0,6.239037036895752
2012-07-25,8.260672569274902,8.05177116394043,8.206175804138184,8.074478149414062,37947900.0,6.166208267211914
2012-07-26,8.265213012695312,8.0835599899292,8.197093963623047,8.17892837524414,36696300.0,6.245974540710449
2012-07-27,8.487738609313965,8.160762786865234,8.247048377990723,8.433242797851562,40760300.0,6.440186023712158
2012-07-30,8.465031623840332,8.256131172180176,8.37874698638916,8.292461395263672,27529400.0,6.332675457000732
2012-07-31,8.369664192199707,8.174386978149414,8.23796558380127,8.283378601074219,35438300.0,6.325738906860352
2012-08-01,8.37874698638916,7.997275352478027,8.315168380737305,8.019981384277344,63462700.0,6.124592304229736
2012-08-02,8.256131172180176,7.906448841094971,7.997275352478027,7.970027446746826,68615600.0,6.0864434242248535
2012-08-03,8.324250221252441,8.047229766845703,8.097184181213379,8.292461395263672,41814200.0,6.332675457000732
2012-08-06,8.546775817871094,8.278837203979492,8.306085586547852,8.487738609313965,33730200.0,6.481801509857178
2012-08-07,8.651226043701172,8.405994415283203,8.428701400756836,8.61035442352295,43313500.0,6.575438976287842
2012-08-08,8.96911907196045,8.73751163482666,8.846503257751465,8.814713478088379,99068600.0,6.731501579284668
2012-08-09,8.882833480834961,8.655767440795898,8.810173034667969,8.814713478088379,44464100.0,6.731501579284668
2012-08-10,8.960036277770996,8.75567626953125,8.764759063720703,8.946412086486816,40011800.0,6.8320746421813965
2012-08-13,9.114441871643066,8.846503257751465,8.94187068939209,8.91008186340332,30528300.0,6.804330825805664
2012-08-14,9.019073486328125,8.751134872436523,8.973660469055176,8.792007446289062,39807300.0,6.7141618728637695
2012-08-15,8.810173034667969,8.7102632522583,8.760217666625977,8.760217666625977,24196000.0,6.689885139465332
2012-08-16,8.900999069213867,8.728428840637207,8.823796272277832,8.864668846130371,39273500.0,6.769650459289551
2012-08-17,8.869210243225098,8.746594429016113,8.864668846130371,8.864668846130371,32208200.0,6.769650459289551
2012-08-20,9.14168930053711,8.805631637573242,8.878292083740234,9.123523712158203,39443100.0,6.9673309326171875
2012-08-21,9.200726509094238,8.973660469055176,9.182560920715332,9.050863265991211,46305400.0,6.911841869354248
2012-08-22,8.914623260498047,8.673933029174805,8.855586051940918,8.719346046447754,84119400.0,6.658672332763672
2012-08-23,8.274295806884766,7.9745683670043945,8.197093963623047,8.010899543762207,160326500.0,6.117656230926514
2012-08-24,8.056312561035156,7.947320461273193,8.015440940856934,7.983651161193848,48699200.0,6.096846580505371
2012-08-27,8.056312561035156,7.792915344238281,8.015440940856934,7.815622329711914,59985700.0,5.968529224395752
2012-08-28,7.847411632537842,7.633969306945801,7.77929162979126,7.674840927124023,75458100.0,5.861018180847168
2012-08-29,7.7611260414123535,7.638510227203369,7.656675815582275,7.69300651550293,51786100.0,5.874891757965088
2012-08-30,7.715713024139404,7.6158037185668945,7.661217212677002,7.620345115661621,34838700.0,5.819401741027832
2012-08-31,7.76566743850708,7.629427909851074,7.6657586097717285,7.6657586097717285,43130100.0,5.85408353805542
2012-09-04,7.756585121154785,7.633969306945801,7.638510227203369,7.715713024139404,37570900.0,5.8922319412231445
2012-09-05,7.870118141174316,7.647593021392822,7.688465118408203,7.842870235443115,46219000.0,5.989338397979736
2012-09-06,8.060853958129883,7.824704647064209,7.8882832527160645,7.988192558288574,50930000.0,6.100315093994141
2012-09-07,7.942779064178467,7.774750232696533,7.861035346984863,7.910990238189697,36899100.0,6.041358947753906
2012-09-10,8.02452278137207,7.874659538269043,7.897366046905518,7.915531158447266,43028400.0,6.147399425506592
2012-09-11,8.160762786865234,7.947320461273193,7.9654860496521,8.151679992675781,40682600.0,6.330799102783203
2012-09-12,8.265213012695312,8.138056755065918,8.188011169433594,8.169845581054688,52895300.0,6.344905853271484
2012-09-13,8.324250221252441,8.101725578308105,8.188011169433594,8.283378601074219,48325300.0,6.433078765869141
2012-09-14,8.428701400756836,8.22434139251709,8.306085586547852,8.25158977508545,61495900.0,6.408390998840332
2012-09-17,8.315168380737305,8.188011169433594,8.283378601074219,8.269754409790039,36216900.0,6.42249870300293
2012-09-18,8.301544189453125,8.19255256652832,8.206175804138184,8.287919998168945,37179200.0,6.4366068840026855
2012-09-19,8.383288383483887,8.188011169433594,8.36512279510498,8.219799995422363,41868800.0,6.383702278137207
2012-09-20,8.160762786865234,7.95186185836792,8.147138595581055,8.06539535522461,43134500.0,6.263788223266602
2012-09-21,8.147138595581055,7.924613952636719,8.138056755065918,7.988192558288574,45285800.0,6.203830242156982
2012-09-24,7.929155349731445,7.77929162979126,7.929155349731445,7.815622329711914,35047400.0,6.069808006286621
2012-09-25,7.842870235443115,7.584014415740967,7.820163249969482,7.588555812835693,61807700.0,5.893462657928467
2012-09-26,7.833787441253662,7.370572090148926,7.57947301864624,7.770208835601807,81795200.0,6.034538745880127
2012-09-27,7.861035346984863,7.606720924377441,7.633969306945801,7.824704647064209,63752700.0,6.0768609046936035
2012-09-28,7.86557674407959,7.702088832855225,7.797456741333008,7.747502326965332,50007400.0,6.016904830932617
2012-10-01,8.001816749572754,7.788374423980713,7.8110809326171875,7.815622329711914,47931300.0,6.069808006286621
2012-10-02,7.924613952636719,7.69300651550293,7.870118141174316,7.77929162979126,43062000.0,6.041592121124268
2012-10-03,7.8792009353637695,6.743869304656982,7.824704647064209,6.771117210388184,310536600.0,5.2586188316345215
2012-10-04,6.802906513214111,6.466848373413086,6.6757493019104,6.784740924835205,199108800.0,5.269200325012207
2012-10-05,6.866485118865967,6.662125110626221,6.771117210388184,6.68937349319458,89521200.0,5.195136547088623
2012-10-08,6.730245113372803,6.544050693511963,6.6167120933532715,6.566757678985596,72241800.0,5.099909782409668
2012-10-09,6.580381393432617,6.430517673492432,6.5395097732543945,6.525885581970215,65251600.0,5.0681657791137695
2012-10-10,6.5395097732543945,6.366939067840576,6.4895548820495605,6.439600467681885,85381000.0,5.001155376434326
2012-10-11,6.562216281890869,6.4214348793029785,6.457765579223633,6.4713897705078125,79702000.0,5.025843620300293
2012-10-12,6.584922790527344,6.4713897705078125,6.4713897705078125,6.544050693511963,55831400.0,5.082273483276367
2012-10-15,6.584922790527344,6.4713897705078125,6.557674884796143,6.571298599243164,59304900.0,5.103435039520264
2012-10-16,6.712080001831055,6.584922790527344,6.58946418762207,6.6167120933532715,52481300.0,5.138705253601074
2012-10-17,6.68937349319458,6.507720470428467,6.630336284637451,6.6848320960998535,39507100.0,5.191608428955078
2012-10-18,6.743869304656982,6.630336284637451,6.68937349319458,6.721162796020508,48824500.0,5.219823360443115
2012-10-19,6.721162796020508,6.566757678985596,6.712080001831055,6.575839996337891,45863600.0,5.106962203979492
2012-10-22,6.6848320960998535,6.494096279144287,6.544050693511963,6.680290699005127,38512500.0,5.188080787658691
2012-10-23,6.575839996337891,6.4713897705078125,6.562216281890869,6.475931167602539,41892800.0,5.029370307922363
2012-10-24,6.521344184875488,6.371480464935303,6.512261390686035,6.376021862030029,40322300.0,4.951778411865234
2012-10-25,6.530426979064941,6.385104656219482,6.425976276397705,6.444141864776611,47290500.0,5.004683017730713
2012-10-26,6.498637676239014,6.330608367919922,6.4214348793029785,6.398728370666504,42432500.0,4.969413757324219
2012-10-31,6.462306976318359,6.267029762268066,6.439600467681885,6.289736747741699,42811000.0,4.884768009185791
2012-11-01,6.4032697677612305,6.267029762268066,6.303360462188721,6.357856273651123,55042900.0,4.937670707702637
2012-11-02,6.44868278503418,6.212533950805664,6.412352561950684,6.248864650726318,71585000.0,4.853026390075684
2012-11-05,6.380563259124756,6.212533950805664,6.212533950805664,6.36239767074585,31547800.0,4.941196918487549
2012-11-06,6.575839996337891,6.366939067840576,6.366939067840576,6.5395097732543945,50056300.0,5.078747272491455
2012-11-07,6.516802787780762,6.217075347900391,6.50317907333374,6.217075347900391,59540900.0,4.828335285186768
2012-11-08,6.307901859283447,6.23069953918457,6.2579474449157715,6.2761125564575195,42556000.0,4.874185085296631
2012-11-09,6.3169846534729,6.17620325088501,6.267029762268066,6.180744647979736,46388600.0,4.800121784210205
2012-11-12,6.23069953918457,6.0445051193237305,6.198910236358643,6.08991813659668,41180900.0,4.7295823097229
2012-11-13,6.085376739501953,5.935513019561768,6.058128833770752,5.967302322387695,58142700.0,4.63435697555542
2012-11-14,6.067211627960205,5.940054416656494,5.976385116577148,5.967302322387695,55365900.0,4.63435697555542
2012-11-15,6.026339530944824,5.871934413909912,5.962760925292969,5.940054416656494,54104200.0,4.613194942474365
2012-11-16,5.949137210845947,5.613079071044922,5.940054416656494,5.835604190826416,77062900.0,4.532076835632324
2012-11-19,6.085376739501953,5.876475811004639,5.890100002288818,6.039963722229004,71848800.0,4.690786838531494
2012-11-20,5.476839065551758,5.154405117034912,5.28610372543335,5.317893028259277,340591200.0,4.130007743835449
2012-11-21,5.526793956756592,5.245231628417969,5.290644645690918,5.4223432540893555,142771900.0,4.211127758026123
2012-11-23,5.672116279602051,5.454132556915283,5.454132556915283,5.649409770965576,57819400.0,4.3874735832214355
2012-11-26,5.858310699462891,5.572206974029541,5.63124418258667,5.785649299621582,57819400.0,4.493279457092285
2012-11-27,5.821979999542236,5.594913482666016,5.790190696716309,5.613079071044922,69091900.0,4.359257698059082
2012-11-28,5.803814888000488,5.549500465393066,5.622161865234375,5.7811079025268555,73116900.0,4.489753723144531
2012-11-29,5.944595813751221,5.803814888000488,5.803814888000488,5.853769302368164,68996300.0,4.546184062957764
2012-11-30,5.9173479080200195,5.794732093811035,5.867393493652344,5.8991827964782715,52001900.0,4.581453323364258
2012-12-03,6.058128833770752,5.821979999542236,5.980926513671875,5.844686508178711,56031600.0,4.539130687713623
2012-12-04,6.167120933532715,5.862852096557617,5.90372371673584,6.144413948059082,80532600.0,4.771904945373535
2012-12-05,6.44868278503418,6.108083724975586,6.135331630706787,6.2761125564575195,122331400.0,4.874185085296631
2012-12-06,6.376021862030029,6.194368839263916,6.3169846534729,6.280653953552246,68460100.0,4.877712249755859
2012-12-07,6.380563259124756,6.23069953918457,6.312443256378174,6.330608367919922,55613400.0,4.91650915145874
2012-12-10,6.625794887542725,6.226158142089844,6.289736747741699,6.430517673492432,112995800.0,5.1004509925842285
2012-12-11,6.571298599243164,6.4032697677612305,6.494096279144287,6.475931167602539,70389500.0,5.136471271514893
2012-12-12,6.666666507720947,6.50317907333374,6.521344184875488,6.598546981811523,73324300.0,5.233726501464844
2012-12-13,6.725703716278076,6.521344184875488,6.6167120933532715,6.584922790527344,57911900.0,5.222918510437012
2012-12-14,6.698455810546875,6.530426979064941,6.584922790527344,6.698455810546875,57409600.0,5.3129706382751465
2012-12-17,6.734786510467529,6.4032697677612305,6.6848320960998535,6.453224182128906,67958700.0,5.118461608886719
2012-12-18,6.643959999084473,6.376021862030029,6.435059070587158,6.598546981811523,83315300.0,5.233726501464844
2012-12-19,6.648501396179199,6.480472087860107,6.621253490447998,6.530426979064941,52666700.0,5.179695129394531
2012-12-20,6.566757678985596,6.425976276397705,6.5395097732543945,6.553133487701416,38294500.0,5.197705268859863
2012-12-21,6.512261390686035,6.380563259124756,6.457765579223633,6.512261390686035,58133400.0,5.165287494659424
2012-12-24,6.4895548820495605,6.3169846534729,6.4895548820495605,6.36239767074585,20820500.0,5.046420574188232
2012-12-26,6.507720470428467,6.380563259124756,6.394186973571777,6.412352561950684,33273100.0,5.086042404174805
2012-12-27,6.444141864776611,6.298819065093994,6.41689395904541,6.376021862030029,35407700.0,5.057227611541748
2012-12-28,6.3260674476623535,6.1898274421691895,6.312443256378174,6.212533950805664,40061800.0,4.927553653717041
2012-12-31,6.494096279144287,6.17620325088501,6.198910236358643,6.4713897705078125,62631200.0,5.132869720458984
2013-01-02,7.0345139503479,6.693914413452148,6.734786510467529,6.821071624755859,109584000.0,5.410223960876465
2013-01-03,7.138964653015137,6.77565860748291,6.871026515960693,6.875567436218262,94420400.0,5.453448295593262
2013-01-04,6.984559535980225,6.843778610229492,6.930063724517822,6.875567436218262,48466400.0,5.453448295593262
2013-01-07,7.0254316329956055,6.880108833312988,6.8982744216918945,6.889191627502441,42256600.0,5.464253902435303
2013-01-08,7.020890235900879,6.739327907562256,6.920980930328369,6.989100933074951,72416500.0,5.543498516082764
2013-01-09,7.229791164398193,7.061761856079102,7.098092555999756,7.198001861572266,75684200.0,5.709192752838135
2013-01-10,7.42052698135376,7.129881858825684,7.270663261413574,7.393279075622559,79908500.0,5.864078044891357
2013-01-11,7.5976386070251465,7.198001861572266,7.484105587005615,7.338782787322998,86181600.0,5.8208537101745605
2013-01-14,7.86557674407959,7.434150695800781,7.4704813957214355,7.697547912597656,136710000.0,6.105413436889648
2013-01-15,7.656675815582275,7.438692092895508,7.638510227203369,7.50681209564209,86273600.0,5.954127788543701
2013-01-16,7.86557674407959,7.488646507263184,7.49318790435791,7.815622329711914,103469900.0,6.199066638946533
2013-01-17,7.924613952636719,7.738419532775879,7.833787441253662,7.770208835601807,63232100.0,6.163045406341553
2013-01-18,7.797456741333008,7.656675815582275,7.656675815582275,7.770208835601807,51849100.0,6.163045406341553
2013-01-22,7.892824649810791,7.724795818328857,7.8110809326171875,7.833787441253662,61367000.0,6.213473320007324
2013-01-23,7.920072555541992,7.67938232421875,7.870118141174316,7.724795818328857,44244700.0,6.1270246505737305
2013-01-24,7.856493949890137,7.643051624298096,7.702088832855225,7.724795818328857,37565400.0,6.1270246505737305
2013-01-25,7.824704647064209,7.69300651550293,7.7611260414123535,7.715713024139404,33975300.0,6.119822025299072
2013-01-28,7.797456741333008,7.674840927124023,7.729336738586426,7.729336738586426,33975300.0,6.1306257247924805
2013-01-29,7.683923721313477,7.4023613929748535,7.661217212677002,7.484105587005615,69064100.0,5.9361186027526855
2013-01-30,7.524977207183838,7.393279075622559,7.497729301452637,7.447774887084961,45146700.0,5.907301902770996
2013-01-31,7.570390701293945,7.338782787322998,7.438692092895508,7.497729301452637,45152600.0,5.946923732757568
2013-02-01,7.606720924377441,7.456857204437256,7.570390701293945,7.475022792816162,36881700.0,5.9289140701293945
2013-02-04,7.584014415740967,7.3342413902282715,7.40690279006958,7.347865581512451,36469000.0,5.828058242797852
2013-02-05,7.602180004119873,7.279745578765869,7.297911167144775,7.543142795562744,51306300.0,5.982944488525391
2013-02-06,7.747502326965332,7.538601398468018,7.724795818328857,7.57947301864624,50786700.0,6.0117597579956055
2013-02-07,7.570390701293945,7.388737678527832,7.556766510009766,7.465939998626709,35865200.0,5.92171049118042
2013-02-08,7.670299530029297,7.456857204437256,7.4704813957214355,7.661217212677002,32979100.0,6.076597690582275
2013-02-11,7.69300651550293,7.574932098388672,7.656675815582275,7.643051624298096,24516400.0,6.062188625335693
2013-02-12,7.820163249969482,7.602180004119873,7.647593021392822,7.76566743850708,32823800.0,6.15944242477417
2013-02-13,7.792915344238281,7.661217212677002,7.756585121154785,7.724795818328857,25309100.0,6.1270246505737305
2013-02-14,7.774750232696533,7.620345115661621,7.733878135681152,7.733878135681152,31410200.0,6.1342291831970215
2013-02-15,7.77929162979126,7.59309720993042,7.770208835601807,7.624886512756348,33737900.0,6.047780990600586
2013-02-19,7.788374423980713,7.606720924377441,7.652134418487549,7.670299530029297,38418700.0,6.083800792694092
2013-02-20,7.797456741333008,7.556766510009766,7.724795818328857,7.584014415740967,39652000.0,6.015362739562988
2013-02-21,7.806539535522461,7.524977207183838,7.543142795562744,7.76566743850708,82804600.0,6.15944242477417
2013-02-22,9.005449295043945,8.22434139251709,8.269754409790039,8.719346046447754,293423300.0,6.915864944458008
2013-02-25,8.832879066467285,8.642143249511719,8.72388744354248,8.660308837890625,91358500.0,6.869040489196777
2013-02-26,9.046321868896484,8.651226043701172,8.687557220458984,8.987284660339355,85774900.0,7.128384590148926
2013-02-27,9.014532089233398,8.905540466308594,9.005449295043945,8.978201866149902,64970000.0,7.121181488037109
2013-02-28,9.200726509094238,8.928247451782227,8.937329292297363,9.146230697631836,59840800.0,7.254455089569092
2013-03-01,9.246139526367188,9.019073486328125,9.105359077453613,9.150772094726562,44782700.0,7.258055686950684
2013-03-04,9.146230697631836,8.987284660339355,9.114441871643066,9.0690279006958,42259200.0,7.1932220458984375
2013-03-05,9.350590705871582,9.10990047454834,9.118982315063477,9.250680923461914,40754100.0,7.337299823760986
2013-03-06,9.68664836883545,9.309718132019043,9.336966514587402,9.504995346069336,74226900.0,7.539013862609863
2013-03-07,9.591280937194824,9.4277925491333,9.504995346069336,9.46866512298584,39428700.0,7.51019811630249
2013-03-08,9.609445571899414,9.482288360595703,9.591280937194824,9.536785125732422,42565300.0,7.5642290115356445
2013-03-11,9.559491157531738,9.432333946228027,9.450499534606934,9.550408363342285,32408500.0,7.6813530921936035
2013-03-12,9.741144180297852,9.509536743164062,9.536785125732422,9.718438148498535,38915900.0,7.816497802734375
2013-03-13,9.713896751403809,9.564032554626465,9.709355354309082,9.682106971740723,30503400.0,7.787275791168213
2013-03-14,9.963669776916504,9.663942337036133,9.682106971740723,9.959128379821777,53435700.0,8.010086059570312
2013-03-15,10.072661399841309,9.872842788696289,9.97275161743164,10.072661399841309,70007000.0,8.101397514343262
2013-03-18,10.40417766571045,10.081744194030762,10.104450225830078,10.367847442626953,86551100.0,8.338815689086914
2013-03-19,10.508628845214844,10.277020454406738,10.3587646484375,10.495004653930664,74591200.0,8.441086769104004
2013-03-20,10.708446502685547,10.390554428100586,10.504087448120117,10.408719062805176,78230200.0,8.371689796447754
2013-03-21,10.467756271362305,10.113533020019531,10.32697582244873,10.136240005493164,80226100.0,8.152534484863281
2013-03-22,10.508628845214844,10.136240005493164,10.136240005493164,10.463214874267578,61490100.0,8.415519714355469
2013-03-25,10.644867897033691,10.40417766571045,10.481380462646484,10.490463256835938,65137300.0,8.437435150146484
2013-03-26,10.767483711242676,10.490463256835938,10.526793479919434,10.735694885253906,60178400.0,8.634674072265625
2013-03-27,10.794732093811035,10.590372085571289,10.635786056518555,10.708446502685547,52790500.0,8.612757682800293
2013-03-28,10.867393493652344,10.626703262329102,10.67211627960205,10.826520919799805,53674400.0,8.70772647857666
2013-04-01,10.921889305114746,10.563124656677246,10.776566505432129,10.585830688476562,55561500.0,8.514138221740723
2013-04-02,10.208901405334473,9.909173011779785,10.149864196777344,10.036330223083496,106819400.0,8.07217788696289
2013-04-03,10.190735816955566,9.918255805969238,9.950045585632324,9.950045585632324,66342900.0,8.002779006958008
2013-04-04,10.14078140258789,9.895549774169922,9.931879997253418,10.127157211303711,45355200.0,8.14522933959961
2013-04-05,10.03178882598877,9.895549774169922,9.98637580871582,9.977293014526367,41562900.0,8.024693489074707
2013-04-08,10.099908828735352,9.836512565612793,10.01362419128418,9.959128379821777,33571400.0,8.010086059570312
2013-04-09,10.136240005493164,9.940962791442871,9.981834411621094,10.090826988220215,36305400.0,8.116011619567871
2013-04-10,10.195277214050293,10.068120002746582,10.068120002746582,10.136240005493164,35091000.0,8.152534484863281
2013-04-11,9.659400939941406,9.359673500061035,9.532243728637695,9.482288360595703,105075600.0,7.626564979553223
2013-04-12,9.509536743164062,9.382379531860352,9.436875343322754,9.491371154785156,43067500.0,7.633870601654053
2013-04-15,9.604904174804688,9.391462326049805,9.432333946228027,9.391462326049805,35055300.0,7.553515434265137
2013-04-16,9.600363731384277,9.386920928955078,9.436875343322754,9.550408363342285,30659300.0,7.6813530921936035
2013-04-17,9.491371154785156,9.277929306030273,9.477747917175293,9.305176734924316,34556800.0,7.4841156005859375
2013-04-18,9.346049308776855,9.10990047454834,9.323342323303223,9.178019523620605,41135700.0,7.381842613220215
2013-04-19,9.050863265991211,8.660308837890625,8.89645767211914,8.882833480834961,62578400.0,7.1444268226623535
2013-04-22,8.991826057434082,8.76930046081543,8.94187068939209,8.973660469055176,50321800.0,7.217475891113281
2013-04-23,9.08265209197998,8.878292083740234,8.96911907196045,8.9237060546875,44066800.0,7.1772990226745605
2013-04-24,9.241598129272461,8.851044654846191,8.864668846130371,9.009990692138672,56769500.0,7.246698379516602
2013-04-25,9.08265209197998,8.891916275024414,9.046321868896484,8.89645767211914,49556400.0,7.155383110046387
2013-04-26,9.241598129272461,8.882833480834961,8.928247451782227,9.0690279006958,59877800.0,7.294182300567627
2013-04-29,9.359673500061035,9.046321868896484,9.100817680358887,9.309718132019043,35052900.0,7.487766265869141
2013-04-30,9.400545120239258,9.191643714904785,9.332425117492676,9.355132102966309,33164700.0,7.524293899536133
2013-05-01,9.346049308776855,9.150772094726562,9.30063533782959,9.241598129272461,33309600.0,7.432978630065918
2013-05-02,9.364213943481445,9.218892097473145,9.277929306030273,9.287012100219727,20686400.0,7.469504356384277
2013-05-03,9.514078140258789,9.346049308776855,9.368755340576172,9.368755340576172,24053300.0,7.535250663757324
2013-05-06,9.445958137512207,9.332425117492676,9.382379531860352,9.373296737670898,16730100.0,7.53890323638916
2013-05-07,9.473206520080566,9.291553497314453,9.414169311523438,9.309718132019043,29575700.0,7.487766265869141
2013-05-08,9.568573951721191,9.282470703125,9.29609489440918,9.568573951721191,28283100.0,7.695962429046631
2013-05-09,9.845595359802246,9.536785125732422,9.554949760437012,9.618528366088867,34106700.0,7.736142635345459
2013-05-10,9.82742977142334,9.623069763183594,9.663942337036133,9.78201675415039,28039300.0,7.867635250091553
2013-05-13,9.777475357055664,9.62761116027832,9.741144180297852,9.695731163024902,18465900.0,7.798237323760986
2013-05-14,9.85921859741211,9.568573951721191,9.68664836883545,9.772933959960938,40726800.0,7.8603291511535645
2013-05-15,9.736602783203125,9.432333946228027,9.732061386108398,9.523160934448242,46323200.0,7.65943717956543
2013-05-16,9.78201675415039,9.495912551879883,9.495912551879883,9.700272560119629,38291000.0,7.801887512207031
2013-05-17,9.759309768676758,9.564032554626465,9.713896751403809,9.659400939941406,32171600.0,7.769015789031982
2013-05-20,9.700272560119629,9.550408363342285,9.645776748657227,9.618528366088867,24807900.0,7.736142635345459
2013-05-21,9.704813957214355,9.554949760437012,9.6412353515625,9.586739540100098,24068500.0,7.710572719573975
2013-05-22,9.786558151245117,9.586739540100098,9.61398696899414,9.6412353515625,77420500.0,7.754405498504639
2013-05-23,11.330608367919922,10.399636268615723,10.540417671203613,11.2897367477417,193096400.0,9.08028793334961
2013-05-24,11.253405570983887,10.971843719482422,11.162579536437988,10.994550704956055,64543400.0,8.84287166595459
2013-05-28,11.21707534790039,10.994550704956055,11.080835342407227,11.194368362426758,43258000.0,9.003583908081055
2013-05-29,11.507719993591309,11.085376739501953,11.099000930786133,11.46230697631836,49562600.0,9.219085693359375
2013-05-30,11.566757202148438,11.376021385192871,11.43505859375,11.471389770507812,52200300.0,9.22638988494873
2013-05-31,11.507719993591309,11.080835342407227,11.421435356140137,11.08991813659668,49226800.0,8.919571876525879
2013-06-03,11.380562782287598,11.067211151123047,11.108083724975586,11.307902336120605,45541100.0,9.09489631652832
2013-06-04,11.444141387939453,11.08991813659668,11.280653953552246,11.180745124816895,37373000.0,8.992627143859863
2013-06-05,11.198909759521484,10.953678131103516,11.148955345153809,10.985467910766602,34941100.0,8.835563659667969
2013-06-06,11.158038139343262,10.767483711242676,10.990009307861328,11.012715339660645,33355200.0,8.857479095458984
2013-06-07,11.267029762268066,11.017256736755371,11.049046516418457,11.267029762268066,28283100.0,9.062021255493164
2013-06-10,11.271571159362793,11.053587913513184,11.198909759521484,11.121707916259766,31185600.0,9.06192398071289
2013-06-11,11.180745124816895,10.940054893493652,11.021798133850098,11.008173942565918,27544500.0,8.969415664672852
2013-06-12,11.57583999633789,11.212533950805664,11.212533950805664,11.312442779541016,48864500.0,9.21733570098877
2013-06-13,11.480472564697266,11.171662330627441,11.253405570983887,11.321525573730469,30180800.0,9.224735260009766
2013-06-14,11.394186973571777,11.148955345153809,11.321525573730469,11.235240936279297,21467500.0,9.15442943572998
2013-06-17,11.503178596496582,11.285195350646973,11.298819541931152,11.425976753234863,29154700.0,9.309840202331543
2013-06-18,11.60308837890625,11.412352561950684,11.43051815032959,11.553133964538574,25308000.0,9.413450241088867
2013-06-19,11.74841022491455,11.489555358886719,11.539509773254395,11.548592567443848,38156600.0,9.409749984741211
2013-06-20,11.63487720489502,11.158038139343262,11.63487720489502,11.226158142089844,39218500.0,9.1470308303833
2013-06-21,11.376021385192871,10.949136734008789,11.326066970825195,10.967302322387695,52043800.0,8.936116218566895
2013-06-24,10.899182319641113,10.53133487701416,10.87193489074707,10.640326499938965,35221400.0,8.669695854187012
2013-06-25,11.026339530944824,10.767483711242676,10.772025108337402,10.831062316894531,31786300.0,8.82511043548584
2013-06-26,11.130789756774902,10.862852096557617,10.985467910766602,10.90372371673584,31891300.0,8.884313583374023
2013-06-27,11.248865127563477,10.940054893493652,10.949136734008789,11.248865127563477,34177000.0,9.165533065795898
2013-06-28,11.316984176635742,11.117166519165039,11.148955345153809,11.26248836517334,34971000.0,9.176630973815918
2013-07-01,11.398728370666504,11.26248836517334,11.330608367919922,11.321525573730469,21979000.0,9.224735260009766
2013-07-02,11.44868278503418,11.257946968078613,11.303360939025879,11.362398147583008,22666200.0,9.258036613464355
2013-07-03,11.475931167602539,11.24432373046875,11.298819541931152,11.43505859375,16483900.0,9.317241668701172
2013-07-05,11.693914413452148,11.444141387939453,11.485013961791992,11.616711616516113,28195700.0,9.465251922607422
2013-07-08,11.74841022491455,11.40326976776123,11.675749778747559,11.43051815032959,24542300.0,9.313541412353516
2013-07-09,11.63487720489502,11.480472564697266,11.60308837890625,11.566757202148438,21642700.0,9.424548149108887
2013-07-10,12.129881858825684,11.671208381652832,11.843778610229492,11.77565860748291,73061600.0,9.59476089477539
2013-07-11,12.052679061889648,11.802906036376953,11.911898612976074,11.980018615722656,44346900.0,9.761272430419922
2013-07-12,12.034514427185059,11.852861404418945,11.984559059143066,11.893733024597168,24957000.0,9.69096851348877
2013-07-15,12.0072660446167,11.857402801513672,11.957311630249023,11.980018615722656,18211800.0,9.761272430419922
2013-07-16,12.043596267700195,11.893733024597168,11.99364185333252,12.011807441711426,23950000.0,9.787174224853516
2013-07-17,12.029973030090332,11.825613021850586,11.93460464477539,11.94822883605957,36547600.0,9.735373497009277
2013-07-18,12.002724647521973,11.77565860748291,11.9164400100708,11.957311630249023,23532900.0,9.742772102355957
2013-07-19,11.857402801513672,11.380562782287598,11.82107162475586,11.41689395904541,54798500.0,9.302441596984863
2013-07-22,11.666666984558105,11.421435356140137,11.466848373413086,11.584922790527344,31337700.0,9.439350128173828
2013-07-23,11.825613021850586,11.63487720489502,11.63487720489502,11.684831619262695,24665400.0,9.52075481414795
2013-07-24,11.871026039123535,11.707538604736328,11.730245590209961,11.857402801513672,24802800.0,9.661365509033203
2013-07-25,11.93460464477539,11.712080001831055,11.825613021850586,11.9164400100708,24112500.0,9.709470748901367
2013-07-26,11.830154418945312,11.702997207641602,11.811988830566406,11.802906036376953,16420700.0,9.616963386535645
2013-07-29,11.893733024597168,11.630335807800293,11.78928279876709,11.657584190368652,19948500.0,9.498556137084961
2013-07-30,11.830154418945312,11.657584190368652,11.702997207641602,11.707538604736328,28872600.0,9.539257049560547
2013-07-31,11.889191627502441,11.612171173095703,11.716621398925781,11.662125587463379,39715000.0,9.5022554397583
2013-08-01,11.970935821533203,11.671208381652832,11.712080001831055,11.911898612976074,20967600.0,9.705769538879395
2013-08-02,12.615803718566895,11.9164400100708,11.930063247680664,12.261580467224121,66453000.0,9.990687370300293
2013-08-05,12.329700469970703,12.14804744720459,12.14804744720459,12.2752046585083,19005200.0,10.001789093017578
2013-08-06,12.316076278686523,11.99364185333252,12.302452087402344,12.0072660446167,23980800.0,9.783474922180176
2013-08-07,12.129881858825684,11.911898612976074,11.970935821533203,12.12079906463623,17682700.0,9.875980377197266
2013-08-08,12.229790687561035,12.016348838806152,12.211626052856445,12.202543258666992,21931900.0,9.942583084106445
2013-08-09,12.30699348449707,12.034514427185059,12.138964653015137,12.157130241394043,24552500.0,9.9055814743042
2013-08-12,12.188919067382812,12.039055824279785,12.111716270446777,12.143506050109863,19259300.0,9.894482612609863
2013-08-13,12.524977684020996,12.247956275939941,12.270663261413574,12.397820472717285,39624300.0,10.101694107055664
2013-08-14,12.406903266906738,12.238873481750488,12.384196281433105,12.343324661254883,22900500.0,10.057293891906738
2013-08-15,12.188919067382812,11.730245590209961,12.152588844299316,11.784741401672363,33150600.0,9.602160453796387
2013-08-16,12.066303253173828,11.771117210388184,11.784741401672363,11.998183250427246,33225000.0,9.77607250213623
2013-08-19,12.048137664794922,11.716621398925781,11.943687438964844,11.752951622009277,26006700.0,9.576260566711426
2013-08-20,11.816530227661133,11.612171173095703,11.74841022491455,11.734786987304688,23531600.0,9.5614595413208
2013-08-21,11.825613021850586,11.457765579223633,11.77565860748291,11.525885581970215,56657600.0,9.39124584197998
2013-08-22,10.554041862487793,9.904632568359375,10.535876274108887,10.090826988220215,149010400.0,8.221969604492188
2013-08-23,10.195277214050293,10.022706985473633,10.090826988220215,10.17257022857666,48591500.0,8.288569450378418
2013-08-26,10.281561851501465,10.104450225830078,10.154404640197754,10.113533020019531,38450400.0,8.240468978881836
2013-08-27,10.163487434387207,9.95458698272705,10.018165588378906,9.98637580871582,36809200.0,8.136860847473145
2013-08-28,10.286103248596191,10.0,10.004541397094727,10.267938613891602,40453800.0,8.366277694702148
2013-08-29,10.304268836975098,10.15894603729248,10.231607437133789,10.227066040039062,24632800.0,8.332974433898926
2013-08-30,10.204360008239746,10.081744194030762,10.18619441986084,10.145322799682617,26700300.0,8.266371726989746
2013-09-03,10.308810234069824,10.127157211303711,10.213441848754883,10.15894603729248,30236300.0,8.277471542358398
2013-09-04,10.272480010986328,10.113533020019531,10.154404640197754,10.113533020019531,30428700.0,8.240468978881836
2013-09-05,10.113533020019531,9.995458602905273,10.113533020019531,10.04541301727295,33551200.0,8.18496322631836
2013-09-06,10.258855819702148,10.01362419128418,10.122615814208984,10.181653022766113,31336600.0,8.29597282409668
2013-09-09,10.195277214050293,10.099908828735352,10.14078140258789,10.154404640197754,23217200.0,8.393465995788574
2013-09-10,10.181653022766113,9.950045585632324,10.022706985473633,10.113533020019531,38195000.0,8.359685897827148
2013-09-11,10.15894603729248,10.072661399841309,10.131698608398438,10.113533020019531,24877700.0,8.359685897827148
2013-09-12,10.127157211303711,9.904632568359375,10.086285591125488,9.97275161743164,43796000.0,8.243315696716309
2013-09-13,10.049954414367676,9.854677200317383,9.97275161743164,10.022706985473633,28345400.0,8.2846097946167
2013-09-16,10.145322799682617,9.850135803222656,10.122615814208984,9.872842788696289,32671700.0,8.160734176635742
2013-09-17,9.990917205810547,9.736602783203125,9.913714408874512,9.84105396270752,33867800.0,8.134458541870117
2013-09-18,9.963669776916504,9.772933959960938,9.772933959960938,9.900091171264648,28881800.0,8.183258056640625
2013-09-19,9.977293014526367,9.659400939941406,9.950045585632324,9.677565574645996,37492100.0,7.999320983886719
2013-09-20,9.804722785949707,9.636693954467773,9.727519989013672,9.636693954467773,61989300.0,7.965537071228027
2013-09-23,9.709355354309082,9.518619537353516,9.632152557373047,9.62761116027832,30881500.0,7.958029747009277
2013-09-24,9.750226974487305,9.545866966247559,9.645776748657227,9.645776748657227,28734500.0,7.973046779632568
2013-09-25,9.727519989013672,9.545866966247559,9.659400939941406,9.718438148498535,38049800.0,8.03310489654541
2013-09-26,9.804722785949707,9.645776748657227,9.659400939941406,9.67302417755127,22998700.0,7.995568752288818
2013-09-27,9.741144180297852,9.573115348815918,9.636693954467773,9.61398696899414,22117100.0,7.946768760681152
2013-09-30,9.573115348815918,9.45504093170166,9.509536743164062,9.532243728637695,30058400.0,7.879199504852295
2013-10-01,9.682106971740723,9.514078140258789,9.514078140258789,9.677565574645996,22587000.0,7.999320983886719
2013-10-02,9.818346977233887,9.62761116027832,9.67302417755127,9.718438148498535,35733600.0,8.03310489654541
2013-10-03,9.727519989013672,9.445958137512207,9.713896751403809,9.50045394897461,28055000.0,7.8529229164123535
2013-10-04,9.677565574645996,9.482288360595703,9.509536743164062,9.65485954284668,22270300.0,7.98055362701416
2013-10-07,9.623069763183594,9.459582328796387,9.536785125732422,9.504995346069336,30798400.0,7.856675624847412
2013-10-08,9.509536743164062,9.196185111999512,9.48682975769043,9.423251152038574,39090700.0,7.789107799530029
2013-10-09,10.336057662963867,9.241598129272461,9.432333946228027,10.263397216796875,123246800.0,8.483558654785156
2013-10-10,10.676657676696777,10.018165588378906,10.454133033752441,10.136240005493164,74863800.0,8.378454208374023
2013-10-11,10.445050239562988,10.104450225830078,10.168028831481934,10.354223251342773,39966000.0,8.558635711669922
2013-10-14,10.440508842468262,10.17257022857666,10.272480010986328,10.399636268615723,24246200.0,8.596173286437988
2013-10-15,10.426884651184082,10.267938613891602,10.381471633911133,10.349681854248047,29622400.0,8.55488109588623
2013-10-16,10.603996276855469,10.3587646484375,10.413260459899902,10.5722074508667,38308800.0,8.738819122314453
2013-10-17,10.640326499938965,10.431426048278809,10.504087448120117,10.622161865234375,21594500.0,8.780111312866211
2013-10-18,10.73115348815918,10.549500465393066,10.68574047088623,10.663033485412598,31621600.0,8.81389331817627
2013-10-21,10.799273490905762,10.649409294128418,10.681199073791504,10.694823265075684,20726700.0,8.840171813964844
2013-10-22,11.0762939453125,10.667574882507324,10.708446502685547,10.921889305114746,36016700.0,9.027860641479492
2013-10-23,10.885558128356934,10.73115348815918,10.826520919799805,10.790190696716309,20141600.0,8.918999671936035
2013-10-24,10.91734790802002,10.785649299621582,10.799273490905762,10.844686508178711,19925800.0,8.964044570922852
2013-10-25,10.944596290588379,10.808356285095215,10.935513496398926,10.899182319641113,18409800.0,9.0090913772583
2013-10-28,10.940054893493652,10.772025108337402,10.894640922546387,10.835603713989258,27241800.0,8.956535339355469
2013-10-29,10.944596290588379,10.735694885253906,10.881017684936523,10.826520919799805,24853900.0,8.949030876159668
2013-10-30,11.035422325134277,10.835603713989258,10.835603713989258,10.990009307861328,25577700.0,9.084165573120117
2013-10-31,11.158038139343262,10.940054893493652,10.958219528198242,11.067211151123047,30393700.0,9.147981643676758
2013-11-01,11.875567436218262,11.126249313354492,11.126249313354492,11.771117210388184,75260800.0,9.729817390441895
2013-11-04,11.780200004577637,11.57583999633789,11.780200004577637,11.702997207641602,33276400.0,9.67350959777832
2013-11-05,11.675749778747559,11.421435356140137,11.675749778747559,11.566757202148438,28835800.0,9.560896873474121
2013-11-06,11.689373016357422,11.548592567443848,11.612171173095703,11.630335807800293,27838500.0,9.61345100402832
2013-11-07,11.93460464477539,11.639418601989746,11.653042793273926,11.666666984558105,32663300.0,9.643479347229004
2013-11-08,11.784741401672363,11.580381393432617,11.616711616516113,11.780200004577637,33289600.0,9.737324714660645
2013-11-11,12.075386047363281,11.698455810546875,11.76203441619873,11.966394424438477,26937900.0,9.891230583190918
2013-11-12,12.075386047363281,11.880108833312988,11.893733024597168,11.907357215881348,21875100.0,9.84243392944336
2013-11-13,12.039055824279785,11.830154418945312,11.871026039123535,12.029973030090332,20455000.0,9.9437837600708
2013-11-14,11.780200004577637,11.280653953552246,11.693914413452148,11.385104179382324,58115400.0,9.410747528076172
2013-11-15,11.494095802307129,11.298819541931152,11.421435356140137,11.44868278503418,42531100.0,9.463298797607422
2013-11-18,11.525885581970215,11.335149765014648,11.498637199401855,11.353315353393555,25527700.0,9.384469032287598
2013-11-19,11.525885581970215,11.303360939025879,11.457765579223633,11.348773956298828,28677300.0,9.380716323852539
2013-11-20,11.471389770507812,11.248865127563477,11.339691162109375,11.326066970825195,38992700.0,9.361945152282715
2013-11-21,11.46230697631836,11.339691162109375,11.444141387939453,11.366939544677734,24807200.0,9.395730018615723
2013-11-22,11.507719993591309,11.2897367477417,11.353315353393555,11.471389770507812,23658900.0,9.48206901550293
2013-11-25,11.57583999633789,11.425976753234863,11.503178596496582,11.498637199401855,30730200.0,9.50459098815918
2013-11-26,11.557674407958984,11.394186973571777,11.44868278503418,11.394186973571777,56419800.0,9.418252944946289
2013-11-27,12.570390701293945,11.394186973571777,12.17983627319336,12.425067901611328,114927600.0,10.27036190032959
2013-11-29,12.50681209564209,12.266121864318848,12.279746055603027,12.420526504516602,26397500.0,10.266609191894531
2013-12-02,12.488646507263184,12.329700469970703,12.370572090148926,12.406903266906738,31727500.0,10.255348205566406
2013-12-03,12.611262321472168,12.343324661254883,12.3660306930542,12.488646507263184,39451600.0,10.322916984558105
2013-12-04,13.033605575561523,12.711172103881836,12.738419532775879,12.774749755859375,75005600.0,10.559403419494629
2013-12-05,12.797456741333008,12.2752046585083,12.783832550048828,12.375113487243652,48529600.0,10.229070663452148
2013-12-06,12.765667915344238,12.529519081115723,12.53860092163086,12.579473495483398,37820200.0,10.397994041442871
2013-12-09,12.570390701293945,12.35240650177002,12.53860092163086,12.375113487243652,34091500.0,10.348519325256348
2013-12-10,12.384196281433105,12.170753479003906,12.261580467224121,12.279746055603027,32508300.0,10.268770217895508
2013-12-11,12.343324661254883,12.193460464477539,12.193460464477539,12.257039070129395,34684300.0,10.24978256225586
2013-12-12,12.311534881591797,11.998183250427246,12.284287452697754,12.079927444458008,29556100.0,10.10167407989502
2013-12-13,12.207084655761719,11.939146041870117,12.111716270446777,12.157130241394043,25890400.0,10.166234016418457
2013-12-16,12.279746055603027,12.116257667541504,12.143506050109863,12.216167449951172,27367500.0,10.215604782104492
2013-12-17,12.652134895324707,12.411443710327148,12.50681209564209,12.465940475463867,42127100.0,10.42447280883789
2013-12-18,12.497729301452637,12.10263442993164,12.429609298706055,12.49318790435791,33372100.0,10.447257041931152
2013-12-19,12.82016372680664,12.49318790435791,12.511353492736816,12.733878135681152,35090400.0,10.64853286743164
2013-12-20,12.801998138427734,12.620345115661621,12.752043724060059,12.620345115661621,45100200.0,10.553590774536133
2013-12-23,12.761126518249512,12.602179527282715,12.711172103881836,12.738419532775879,20759700.0,10.652329444885254
2013-12-24,12.806539535522461,12.656675338745117,12.715712547302246,12.788373947143555,10973400.0,10.694104194641113
2013-12-26,13.033605575561523,12.801998138427734,12.806539535522461,12.856493949890137,17158600.0,10.751069068908691
2013-12-27,12.915531158447266,12.788373947143555,12.910989761352539,12.801998138427734,15079900.0,10.705495834350586
2013-12-30,12.83378791809082,12.69300651550293,12.824705123901367,12.747502326965332,16080300.0,10.659924507141113
2013-12-31,12.85195255279541,12.638510704040527,12.67938232421875,12.70663070678711,21935000.0,10.625747680664062
2014-01-02,12.815622329711914,12.465940475463867,12.661216735839844,12.561307907104492,28688000.0,10.50422191619873
2014-01-03,12.942779541015625,12.579473495483398,12.584014892578125,12.870118141174316,27911000.0,10.762459754943848
2014-01-06,12.942779541015625,12.670299530029297,12.85195255279541,12.847411155700684,22550600.0,10.7434720993042
2014-01-07,12.965485572814941,12.656675338745117,12.910989761352539,12.797456741333008,31535700.0,10.701699256896973
2014-01-08,12.806539535522461,12.425067901611328,12.797456741333008,12.465940475463867,33498500.0,10.42447280883789
2014-01-09,12.661216735839844,12.420526504516602,12.52043628692627,12.53860092163086,39702500.0,10.485234260559082
2014-01-10,12.611262321472168,12.384196281433105,12.593096733093262,12.579473495483398,31545400.0,10.519414901733398
2014-01-13,13.074478149414062,12.579473495483398,12.584014892578125,12.770209312438965,43408900.0,10.678913116455078
2014-01-14,13.101725578308105,12.756585121154785,12.770209312438965,13.101725578308105,32705400.0,10.956140518188477
2014-01-15,13.201634407043457,12.960944175720215,13.124432563781738,13.097184181213379,36064100.0,10.952342987060547
2014-01-16,13.542234420776367,13.22434139251709,13.39691162109375,13.42416000366211,48586200.0,11.2257719039917
2014-01-17,13.646684646606445,13.474114418029785,13.510444641113281,13.533151626586914,35356100.0,11.316913604736328
2014-01-21,13.605813026428223,13.374205589294434,13.533151626586914,13.578564643859863,26614400.0,11.35489273071289
2014-01-22,13.683015823364258,13.37874698638916,13.455948829650879,13.55131721496582,22542900.0,11.332103729248047
2014-01-23,13.501362800598145,13.197093963623047,13.360581398010254,13.337874412536621,21811400.0,11.15361499786377
2014-01-24,13.260672569274902,12.89282512664795,13.188011169433594,12.938238143920898,37470500.0,10.819424629211426
2014-01-27,13.21071720123291,12.888283729553223,12.956403732299805,12.988192558288574,35066400.0,10.861198425292969
2014-01-28,13.206175804138184,12.938238143920898,12.974568367004395,13.169845581054688,27320200.0,11.013103485107422
2014-01-29,13.23796558380127,13.056312561035156,13.133515357971191,13.17892837524414,30642300.0,11.02070140838623
2014-01-30,13.360581398010254,13.206175804138184,13.23796558380127,13.283378601074219,20028700.0,11.108043670654297
2014-01-31,13.256131172180176,13.05177116394043,13.142597198486328,13.169845581054688,28481300.0,11.013103485107422
2014-02-03,13.301544189453125,12.697547912597656,13.197093963623047,12.733878135681152,32271100.0,10.64853286743164
2014-02-04,12.901906967163086,12.66575813293457,12.779291152954102,12.86557674407959,21098000.0,10.758663177490234
2014-02-05,12.915531158447266,12.670299530029297,12.792915344238281,12.720253944396973,22632100.0,10.637139320373535
2014-02-06,13.015440940856934,12.806539535522461,12.82016372680664,12.938238143920898,14739500.0,10.819424629211426
2014-02-07,13.242506980895996,13.029064178466797,13.033605575561523,13.201634407043457,16597100.0,11.039687156677246
2014-02-10,13.274295806884766,13.00635814666748,13.174386978149414,13.0835599899292,17205700.0,10.940949440002441
2014-02-11,13.392370223999023,13.079019546508789,13.115349769592285,13.333333015441895,18967100.0,11.14981746673584
2014-02-12,13.528610229492188,13.333333015441895,13.333333015441895,13.360581398010254,21415500.0,11.172605514526367
2014-02-13,13.587647438049316,13.25158977508545,13.310626983642578,13.546775817871094,20902700.0,11.3283052444458
2014-02-14,13.678474426269531,13.496821403503418,13.560400009155273,13.633060455322266,20949800.0,11.400459289550781
2014-02-18,13.646684646606445,13.428701400756836,13.623978614807129,13.433242797851562,24774200.0,11.233366012573242
2014-02-19,13.519527435302734,13.287919998168945,13.36512279510498,13.374205589294434,32786000.0,11.18399715423584
2014-02-20,13.751134872436523,13.215258598327637,13.315168380737305,13.7102632522583,58859600.0,11.465022087097168
2014-02-21,13.946412086486816,13.39691162109375,13.905540466308594,13.528610229492188,65633600.0,11.313115119934082
2014-02-24,13.701180458068848,13.374205589294434,13.469573020935059,13.587647438049316,31748400.0,11.3624849319458
2014-02-25,13.623978614807129,13.428701400756836,13.542234420776367,13.56948184967041,20270200.0,11.347294807434082
2014-02-26,13.714804649353027,13.53769302368164,13.58310604095459,13.578564643859863,19833400.0,11.35489273071289
2014-02-27,13.574023246765137,13.455948829650879,13.496821403503418,13.510444641113281,24490600.0,11.297924041748047
2014-02-28,13.787466049194336,13.465031623840332,13.55131721496582,13.56948184967041,28953600.0,11.347294807434082
2014-03-03,13.555858612060547,13.088101387023926,13.287919998168945,13.501362800598145,27428100.0,11.290331840515137
2014-03-04,13.732970237731934,13.560400009155273,13.592188835144043,13.678474426269531,29367400.0,11.43843936920166
2014-03-05,13.692097663879395,13.555858612060547,13.678474426269531,13.59673023223877,14328800.0,11.37007999420166
2014-03-06,13.714804649353027,13.555858612060547,13.619437217712402,13.664850234985352,15711700.0,11.427045822143555
2014-03-07,13.841961860656738,13.642143249511719,13.73751163482666,13.778383255004883,20446400.0,11.521985054016113
2014-03-10,13.742053031921387,13.555858612060547,13.646684646606445,13.578564643859863,16356000.0,11.475825309753418
2014-03-11,13.742053031921387,13.524068832397461,13.623978614807129,13.58310604095459,15575100.0,11.479662895202637
2014-03-12,13.55131721496582,13.356040000915527,13.53769302368164,13.437784194946289,16304200.0,11.356843948364258
2014-03-13,13.555858612060547,13.056312561035156,13.460490226745605,13.128973960876465,29097400.0,11.095856666564941
2014-03-14,13.342415809631348,13.092642784118652,13.110808372497559,13.201634407043457,17873600.0,11.157265663146973
2014-03-17,13.483197212219238,13.274295806884766,13.283378601074219,13.387828826904297,15577100.0,11.314626693725586
2014-03-18,13.91008186340332,13.578564643859863,13.637601852416992,13.878292083740234,42182600.0,11.729137420654297
2014-03-19,14.414169311523438,13.882833480834961,13.89645767211914,14.359673500061035,51013200.0,12.135972023010254
2014-03-20,14.718438148498535,14.287012100219727,14.305176734924316,14.29609489440918,52667200.0,12.082240104675293
2014-03-21,14.62761116027832,14.373296737670898,14.45504093170166,14.509536743164062,52127000.0,12.262627601623535
2014-03-24,14.62761116027832,14.350590705871582,14.541326522827148,14.364213943481445,29350000.0,12.139809608459473
2014-03-25,14.786558151245117,14.418710708618164,14.450499534606934,14.786558151245117,37940400.0,12.496750831604004
2014-03-26,15.040871620178223,14.682106971740723,14.881925582885742,14.691189765930176,37957400.0,12.416152000427246
2014-03-27,14.663942337036133,14.373296737670898,14.604904174804688,14.50045394897461,27248400.0,12.254950523376465
2014-03-28,14.78201675415039,14.504995346069336,14.618528366088867,14.550408363342285,24492100.0,12.297170639038086
2014-03-31,14.80018138885498,14.645776748657227,14.663942337036133,14.695731163024902,19385300.0,12.419988632202148
2014-04-01,15.190735816955566,14.663942337036133,14.668482780456543,15.090826988220215,36240200.0,12.753900527954102
2014-04-02,15.286103248596191,14.990917205810547,15.14078140258789,15.263397216796875,31245200.0,12.899747848510742
2014-04-03,15.277020454406738,14.913714408874512,15.267938613891602,14.98637580871582,34094200.0,12.665626525878906
2014-04-04,15.204360008239746,14.718438148498535,15.090826988220215,14.822888374328613,30085400.0,12.527457237243652
2014-04-07,15.03178882598877,14.763851165771484,14.940962791442871,14.850135803222656,26866600.0,12.550484657287598
2014-04-08,14.886466979980469,14.504995346069336,14.845595359802246,14.736602783203125,29947600.0,12.454532623291016
2014-04-09,14.931879997253418,14.659400939941406,14.822888374328613,14.85921859741211,27717200.0,12.558160781860352
2014-04-10,15.395095825195312,14.891008377075195,15.122615814208984,14.895549774169922,56410300.0,12.588865280151367
2014-04-11,14.959128379821777,14.663942337036133,14.791098594665527,14.736602783203125,41256600.0,12.454532623291016
2014-04-14,15.118074417114258,14.786558151245117,14.804722785949707,14.940962791442871,30499400.0,12.62724494934082
2014-04-15,14.98637580871582,14.477747917175293,14.981834411621094,14.709355354309082,28979200.0,12.431502342224121
2014-04-16,15.03178882598877,14.663942337036133,14.804722785949707,14.754768371582031,25435900.0,12.46988296508789
2014-04-17,14.754768371582031,14.282470703125,14.663942337036133,14.50045394897461,46738100.0,12.254950523376465
2014-04-21,14.732061386108398,14.477747917175293,14.550408363342285,14.504995346069336,33668100.0,12.25879192352295
2014-04-22,14.564032554626465,14.364213943481445,14.482288360595703,14.4277925491333,29817500.0,12.193544387817383
2014-04-23,14.514078140258789,14.346049308776855,14.459582328796387,14.414169311523438,19356600.0,12.18203067779541
2014-04-24,14.568573951721191,14.418710708618164,14.504995346069336,14.532243728637695,25621800.0,12.281819343566895
2014-04-25,14.50045394897461,14.273387908935547,14.45504093170166,14.341507911682129,20048900.0,12.120620727539062
2014-04-28,14.682106971740723,14.305176734924316,14.373296737670898,14.618528366088867,23410700.0,12.354743003845215
2014-04-29,15.02724838256836,14.81380558013916,14.85921859741211,14.96821117401123,27000000.0,12.650275230407715
2014-04-30,15.108991622924805,14.822888374328613,14.886466979980469,15.01362419128418,24966700.0,12.688653945922852
2014-05-01,15.113533020019531,14.768392562866211,15.040871620178223,14.822888374328613,19723000.0,12.527457237243652
2014-05-02,14.891008377075195,14.709355354309082,14.868301391601562,14.754768371582031,14133500.0,12.46988296508789
2014-05-05,14.795639991760254,14.545866966247559,14.663942337036133,14.759309768676758,15473400.0,12.473723411560059
2014-05-06,14.804722785949707,14.577656745910645,14.750226974487305,14.591280937194824,15529300.0,12.331713676452637
2014-05-07,14.741144180297852,14.464123725891113,14.68664836883545,14.677565574645996,18630400.0,12.404637336730957
2014-05-08,14.900091171264648,14.573115348815918,14.663942337036133,14.636693954467773,14731800.0,12.370095252990723
2014-05-09,14.713896751403809,14.532243728637695,14.636693954467773,14.695731163024902,12337800.0,12.419988632202148
2014-05-12,14.936421394348145,14.704813957214355,14.713896751403809,14.904632568359375,13174700.0,12.596542358398438
2014-05-13,15.14078140258789,14.900091171264648,14.950045585632324,15.113533020019531,16176300.0,12.773092269897461
2014-05-14,15.14078140258789,14.940962791442871,15.04541301727295,14.97275161743164,14955900.0,12.654111862182617
2014-05-15,15.02724838256836,14.691189765930176,14.97275161743164,14.718438148498535,15890000.0,12.43918228149414
2014-05-16,14.768392562866211,14.618528366088867,14.700272560119629,14.768392562866211,17682200.0,12.481399536132812
2014-05-19,15.063578605651855,14.750226974487305,14.78201675415039,15.036330223083496,22331100.0,12.707843780517578
2014-05-20,15.095367431640625,14.845595359802246,15.049954414367676,14.895549774169922,19302500.0,12.588865280151367
2014-05-21,15.02724838256836,14.704813957214355,14.977293014526367,14.768392562866211,22590900.0,12.481399536132812
2014-05-22,15.149864196777344,14.173479080200195,14.736602783203125,14.432333946228027,71474200.0,12.197381973266602
2014-05-23,15.481380462646484,14.6412353515625,14.67302417755127,15.31335163116455,89753500.0,12.94196605682373
2014-05-27,15.281561851501465,14.895549774169922,15.213441848754883,15.03178882598877,46128800.0,12.704004287719727
2014-05-28,15.249773025512695,14.98637580871582,15.009082794189453,15.145322799682617,20924900.0,12.799960136413574
2014-05-29,15.363306045532227,15.136240005493164,15.177111625671387,15.277020454406738,21707300.0,12.911262512207031
2014-05-30,15.349681854248047,15.149864196777344,15.240690231323242,15.213441848754883,27366200.0,12.85753059387207
2014-06-02,15.277020454406738,15.009082794189453,15.154404640197754,15.181653022766113,22474000.0,12.830662727355957
2014-06-03,15.354223251342773,15.090826988220215,15.177111625671387,15.299727439880371,17787900.0,12.930452346801758
2014-06-04,15.381471633911133,15.195277214050293,15.236148834228516,15.331517219543457,12473200.0,12.957319259643555
2014-06-05,15.395095825195312,15.240690231323242,15.308810234069824,15.381471633911133,13707600.0,12.99953842163086
2014-06-06,15.435967445373535,15.336057662963867,15.367847442626953,15.367847442626953,13179400.0,12.98802375793457
2014-06-09,15.40417766571045,15.190735816955566,15.299727439880371,15.322434425354004,14936100.0,13.085885047912598
2014-06-10,15.367847442626953,15.204360008239746,15.272480010986328,15.263397216796875,10337200.0,13.0354642868042
2014-06-11,15.272480010986328,15.049954414367676,15.195277214050293,15.099908828735352,12584400.0,12.895840644836426
2014-06-12,15.576748847961426,15.118074417114258,15.322434425354004,15.163487434387207,27662600.0,12.950139045715332
2014-06-13,15.985467910766602,15.354223251342773,15.440508842468262,15.967302322387695,48854600.0,13.636624336242676
2014-06-16,15.921889305114746,15.726612091064453,15.921889305114746,15.849227905273438,22075700.0,13.535784721374512
2014-06-17,15.926430702209473,15.767483711242676,15.849227905273438,15.853769302368164,15293100.0,13.539663314819336
2014-06-18,15.885558128356934,15.626703262329102,15.867393493652344,15.76294231414795,13989700.0,13.4620943069458
2014-06-19,15.803814888000488,15.594913482666016,15.753860473632812,15.658492088317871,13137500.0,13.372889518737793
2014-06-20,15.690281867980957,15.535876274108887,15.681199073791504,15.540417671203613,24178400.0,13.272048950195312
2014-06-23,15.68574047088623,15.445050239562988,15.613079071044922,15.676657676696777,18077300.0,13.38840389251709
2014-06-24,15.69936466217041,15.408719062805176,15.68574047088623,15.417801856994629,21767800.0,13.167330741882324
2014-06-25,15.37238883972168,15.190735816955566,15.37238883972168,15.254314422607422,22287500.0,13.027706146240234
2014-06-26,15.417801856994629,15.249773025512695,15.331517219543457,15.399636268615723,14484300.0,13.15181827545166
2014-06-27,15.449591636657715,15.290644645690918,15.381471633911133,15.399636268615723,20073400.0,13.15181827545166
2014-06-30,15.449591636657715,15.277020454406738,15.390554428100586,15.295186042785645,15594100.0,13.062615394592285
2014-07-01,15.631244659423828,15.295186042785645,15.408719062805176,15.522252082824707,19014200.0,13.256535530090332
2014-07-02,15.549500465393066,15.376930236816406,15.535876274108887,15.38601303100586,19732500.0,13.140182495117188
2014-07-03,15.495004653930664,15.40417766571045,15.458673477172852,15.440508842468262,10702800.0,13.186724662780762
2014-07-07,15.440508842468262,15.290644645690918,15.399636268615723,15.381471633911133,15209400.0,13.136305809020996
2014-07-08,15.408719062805176,15.181653022766113,15.38601303100586,15.213441848754883,15809600.0,12.992802619934082
2014-07-09,15.34514045715332,15.21798324584961,15.236148834228516,15.281561851501465,12515000.0,13.05097770690918
2014-07-10,15.445050239562988,15.095367431640625,15.18619441986084,15.37238883972168,19004100.0,13.128548622131348
2014-07-11,15.522252082824707,15.390554428100586,15.408719062805176,15.426884651184082,14222400.0,13.175088882446289
2014-07-14,15.594913482666016,15.445050239562988,15.53133487701416,15.508628845214844,23952200.0,13.244901657104492
2014-07-15,15.653950691223145,15.440508842468262,15.599454879760742,15.508628845214844,16994800.0,13.244901657104492
2014-07-16,15.949136734008789,15.631244659423828,15.631244659423828,15.812897682189941,42322600.0,13.504756927490234
2014-07-17,15.753860473632812,15.590372085571289,15.753860473632812,15.635786056518555,30013700.0,13.353495597839355
2014-07-18,15.821980476379395,15.640326499938965,15.676657676696777,15.808356285095215,22836500.0,13.500879287719727
2014-07-21,15.821980476379395,15.617620468139648,15.794732093811035,15.676657676696777,16077200.0,13.38840389251709
2014-07-22,16.02634048461914,15.676657676696777,15.690281867980957,15.962760925292969,17981700.0,13.632744789123535
2014-07-23,16.053586959838867,15.885558128356934,15.971843719482422,15.885558128356934,14149800.0,13.566812515258789
2014-07-24,15.976385116577148,15.835603713989258,15.953678131103516,15.912806510925293,16701700.0,13.590082168579102
2014-07-25,16.15349769592285,15.74477767944336,15.785649299621582,16.08991813659668,18090300.0,13.741341590881348
2014-07-28,16.171661376953125,16.008174896240234,16.0762939453125,16.1671199798584,14945400.0,13.80727481842041
2014-07-29,16.444141387939453,16.1671199798584,16.21707534790039,16.32152557373047,26892500.0,13.939144134521484
2014-07-30,16.439599990844727,16.276113510131836,16.348773956298828,16.39872932434082,21412600.0,14.005078315734863
2014-07-31,16.285194396972656,16.099000930786133,16.226158142089844,16.171661376953125,23581600.0,13.811155319213867
2014-08-01,16.08991813659668,15.653950691223145,16.044504165649414,15.980926513671875,26141000.0,13.648260116577148
2014-08-04,16.099000930786133,15.894640922546387,16.021799087524414,16.044504165649414,14265400.0,13.702555656433105
2014-08-05,16.044504165649414,15.812897682189941,15.944596290588379,15.926430702209473,12421700.0,13.601719856262207
2014-08-06,16.021799087524414,15.644867897033691,15.74477767944336,15.912806510925293,13458800.0,13.590082168579102
2014-08-07,16.067211151123047,15.740236282348633,15.994550704956055,15.812897682189941,14176900.0,13.504756927490234
2014-08-08,15.994550704956055,15.726612091064453,15.790190696716309,15.971843719482422,12439000.0,13.6405029296875
2014-08-11,16.135332107543945,15.949136734008789,16.08991813659668,15.985467910766602,13159100.0,13.652137756347656
2014-08-12,16.044504165649414,15.831062316894531,16.021799087524414,15.949136734008789,10667500.0,13.621110916137695
2014-08-13,16.08991813659668,15.91734790802002,16.01271629333496,16.030881881713867,14945400.0,13.690923690795898
2014-08-14,16.17620277404785,15.876476287841797,16.030881881713867,16.162578582763672,21632800.0,13.803397178649902
2014-08-15,16.235240936279297,15.853769302368164,16.226158142089844,15.926430702209473,25346100.0,13.601719856262207
2014-08-18,16.139873504638672,15.994550704956055,16.126249313354492,16.04904556274414,21101300.0,13.706438064575195
2014-08-19,16.24432373046875,16.02634048461914,16.126249313354492,16.112625122070312,19349400.0,13.760735511779785
2014-08-20,16.221616744995117,15.835603713989258,16.221616744995117,15.949136734008789,41314100.0,13.621110916137695
2014-08-21,16.984560012817383,16.017257690429688,16.071752548217773,16.802906036376953,87014200.0,14.350255012512207
2014-08-22,16.83469581604004,16.64396095275879,16.734786987304688,16.73024559020996,31705900.0,14.288204193115234
2014-08-25,16.966394424438477,16.7029972076416,16.798364639282227,16.87102699279785,24122600.0,14.40843391418457
2014-08-26,17.316076278686523,16.852861404418945,16.911897659301758,17.17983627319336,30656900.0,14.672167778015137
2014-08-27,17.34786605834961,17.048137664794922,17.16621208190918,17.329700469970703,21393500.0,14.800158500671387
2014-08-28,17.297910690307617,17.07538604736328,17.211626052856445,17.252498626708984,15351400.0,14.73422622680664
2014-08-29,17.338783264160156,17.175294876098633,17.270662307739258,17.257038116455078,13678600.0,14.738100051879883
2014-09-02,17.288827896118164,17.10263442993164,17.257038116455078,17.27974510192871,15908100.0,14.75749397277832
2014-09-03,17.370573043823242,17.275203704833984,17.316076278686523,17.288827896118164,15093600.0,14.765251159667969
2014-09-04,17.370573043823242,17.020889282226562,17.27974510192871,17.10263442993164,19013300.0,14.606237411499023
2014-09-05,17.10263442993164,16.880109786987305,17.070844650268555,17.066303253173828,24788500.0,14.575209617614746
2014-09-08,17.016347885131836,16.852861404418945,16.916439056396484,16.930063247680664,16221400.0,14.59569263458252
2014-09-09,16.87102699279785,16.634878158569336,16.857402801513672,16.707538604736328,22669500.0,14.403851509094238
2014-09-10,16.83469581604004,16.689373016357422,16.771116256713867,16.816530227661133,17302600.0,14.497815132141113
2014-09-11,16.816530227661133,16.584922790527344,16.802906036376953,16.69391441345215,17688000.0,14.39210319519043
2014-09-12,16.734786987304688,16.57583999633789,16.69391441345215,16.60308837890625,16810200.0,14.313802719116211
2014-09-15,16.598546981811523,16.40781021118164,16.594005584716797,16.46230697631836,16018000.0,14.19243335723877
2014-09-16,16.498638153076172,16.353315353393555,16.457765579223633,16.466848373413086,16861100.0,14.1963472366333
2014-09-17,16.74386978149414,16.471389770507812,16.498638153076172,16.65304183959961,19223400.0,14.356868743896484
2014-09-18,16.84832000732422,16.61671257019043,16.634878158569336,16.80744743347168,17264100.0,14.489986419677734
2014-09-19,16.97547721862793,16.675748825073242,16.880109786987305,16.707538604736328,25866400.0,14.403851509094238
2014-09-22,16.889192581176758,16.5258846282959,16.889192581176758,16.56221580505371,14804200.0,14.278564453125
2014-09-23,16.612171173095703,16.248865127563477,16.485013961791992,16.253406524658203,24059400.0,14.012336730957031
2014-09-24,16.348773956298828,16.035423278808594,16.24432373046875,16.326066970825195,25813100.0,14.074976921081543
2014-09-25,16.3442325592041,15.971843719482422,16.339691162109375,16.017257690429688,18350800.0,13.808747291564941
2014-09-26,16.121707916259766,15.908265113830566,15.999092102050781,16.06266975402832,21419700.0,13.847899436950684
2014-09-29,15.958219528198242,15.726612091064453,15.91734790802002,15.881017684936523,20152700.0,13.691291809082031
2014-09-30,16.18982696533203,15.921889305114746,15.980926513671875,16.108083724975586,23629000.0,13.88704776763916
2014-10-01,16.0762939453125,15.622161865234375,16.071752548217773,15.690281867980957,29791700.0,13.52685546875
2014-10-02,15.799273490905762,15.408719062805176,15.717529296875,15.67211627960205,20753600.0,13.51119613647461
2014-10-03,16.021799087524414,15.740236282348633,15.740236282348633,15.985467910766602,20386900.0,13.781340599060059
2014-10-06,17.043596267700195,16.58946418762207,16.84832000732422,16.74386978149414,122759000.0,14.435172080993652
2014-10-07,16.739328384399414,15.958219528198242,16.580381393432617,15.994550704956055,50105600.0,13.789170265197754
2014-10-08,16.362398147583008,15.758401870727539,15.844686508178711,16.312442779541016,37682100.0,14.06322956085205
2014-10-09,16.285194396972656,15.563124656677246,16.253406524658203,15.585830688476562,30794700.0,13.436807632446289
2014-10-10,15.67211627960205,15.204360008239746,15.53133487701416,15.213441848754883,31669600.0,13.115765571594238
2014-10-13,15.15894603729248,14.636693954467773,15.086285591125488,14.845595359802246,44099200.0,12.798638343811035
2014-10-14,14.977293014526367,14.600363731384277,14.845595359802246,14.6412353515625,28800300.0,12.622454643249512
2014-10-15,15.040871620178223,14.359673500061035,14.804722785949707,14.895549774169922,43866000.0,12.841705322265625
2014-10-16,15.517711639404297,14.400545120239258,14.418710708618164,15.440508842468262,51573400.0,13.3115234375
2014-10-17,15.658492088317871,15.34514045715332,15.55858325958252,15.51317024230957,34008300.0,13.374163627624512
2014-10-20,15.422343254089355,14.977293014526367,14.995458602905273,15.3587646484375,31289300.0,13.241047859191895
2014-10-21,15.812897682189941,15.522252082824707,15.563124656677246,15.776566505432129,26534500.0,13.601245880126953
2014-10-22,15.849227905273438,15.644867897033691,15.772025108337402,15.663033485412598,29465800.0,13.503364562988281
2014-10-23,15.990009307861328,15.76294231414795,15.772025108337402,15.867393493652344,22123000.0,13.679546356201172
2014-10-24,16.085376739501953,15.776566505432129,15.894640922546387,15.862852096557617,27900200.0,13.67563247680664
2014-10-27,16.080835342407227,15.803814888000488,15.87193489074707,16.030881881713867,22223200.0,13.820493698120117
2014-10-28,16.24432373046875,16.067211151123047,16.085376739501953,16.139873504638672,27557500.0,13.914457321166992
2014-10-29,16.348773956298828,15.912806510925293,16.135332107543945,16.067211151123047,30730800.0,13.851813316345215
2014-10-30,16.24432373046875,15.990009307861328,16.148956298828125,16.039962768554688,31124800.0,13.82832145690918
2014-10-31,16.326066970825195,16.112625122070312,16.235240936279297,16.29427719116211,44145600.0,14.047571182250977
2014-11-03,16.416893005371094,16.24432373046875,16.362398147583008,16.285194396972656,27518300.0,14.039738655090332
2014-11-04,16.530426025390625,16.248865127563477,16.3442325592041,16.303359985351562,22484400.0,14.055403709411621
2014-11-05,16.498638153076172,16.285194396972656,16.425975799560547,16.430517196655273,16385700.0,14.165026664733887
2014-11-06,16.539508819580078,16.3442325592041,16.362398147583008,16.416893005371094,15398800.0,14.153278350830078
2014-11-07,16.539508819580078,16.35785675048828,16.466848373413086,16.521345138549805,19811800.0,14.243331909179688
2014-11-10,16.825613021850586,16.57583999633789,16.584922790527344,16.75749397277832,21091800.0,14.446919441223145
2014-11-11,16.825613021850586,16.594005584716797,16.75749397277832,16.69391441345215,15719600.0,14.39210319519043
2014-11-12,16.74386978149414,16.566757202148438,16.648500442504883,16.580381393432617,13889900.0,14.29422664642334
2014-11-13,16.698455810546875,16.44868278503418,16.621253967285156,16.51226234436035,16909100.0,14.235496520996094
2014-11-14,16.830154418945312,16.544050216674805,16.54859161376953,16.766576766967773,13951400.0,14.454747200012207
2014-11-17,17.029972076416016,16.675748825073242,16.675748825073242,16.98910140991211,18491200.0,14.646592140197754
2014-11-18,17.16621208190918,17.011808395385742,17.08901023864746,17.029972076416016,13179600.0,14.681825637817383
2014-11-19,17.03905487060547,16.843778610229492,17.034513473510742,16.88465118408203,12154300.0,14.556544303894043
2014-11-20,16.916439056396484,16.725704193115234,16.811988830566406,16.771116256713867,16187100.0,14.458662033081055
2014-11-21,17.007266998291016,16.762035369873047,16.925521850585938,16.92098045349121,28766900.0,14.587861061096191
2014-11-24,17.16621208190918,16.952770233154297,17.048137664794922,17.029972076416016,23952000.0,14.681825637817383
2014-11-25,17.370573043823242,17.029972076416016,17.029972076416016,17.08901023864746,42016500.0,14.7327241897583
2014-11-26,17.838329315185547,16.916439056396484,16.97547721862793,17.783832550048828,56868600.0,15.331742286682129
2014-11-28,17.97456932067871,17.55222511291504,17.597639083862305,17.738420486450195,16958700.0,15.292593002319336
2014-12-01,17.788373947143555,17.456857681274414,17.484106063842773,17.5113525390625,31062200.0,15.096829414367676
2014-12-02,17.86103630065918,17.297910690307617,17.415985107421875,17.688465118408203,21298600.0,15.249521255493164
2014-12-03,17.865577697753906,17.606721878051758,17.611263275146484,17.73387908935547,24390400.0,15.288673400878906
2014-12-04,17.824705123901367,17.56584930419922,17.73387908935547,17.742961883544922,16442700.0,15.296506881713867
2014-12-05,18.006357192993164,17.72025489807129,17.761125564575195,17.96094512939453,19748800.0,15.484435081481934
2014-12-08,17.66575813293457,17.30699348449707,17.597639083862305,17.465940475463867,26586900.0,15.193024635314941
2014-12-09,17.425067901611328,16.957311630249023,17.048137664794922,17.34786605834961,23233300.0,15.090317726135254
2014-12-10,17.343324661254883,16.930063247680664,17.05267906188965,16.966394424438477,30294200.0,14.758484840393066
2014-12-11,17.66575813293457,16.939146041870117,16.939146041870117,17.470481872558594,27163200.0,15.196976661682129
2014-12-12,17.520435333251953,17.198001861572266,17.352407455444336,17.261579513549805,29345800.0,15.015257835388184
2014-12-15,17.366031646728516,16.98910140991211,17.27974510192871,17.079927444458008,27395500.0,14.857245445251465
2014-12-16,17.39781951904297,16.852861404418945,16.902814865112305,16.94822883605957,25127900.0,14.742684364318848
2014-12-17,17.60218048095703,17.216167449951172,17.275203704833984,17.55222511291504,25379300.0,15.268083572387695
2014-12-18,18.09264373779297,17.69300651550293,17.752042770385742,18.083560943603516,27499600.0,15.730274200439453
2014-12-19,18.28337860107422,18.019981384277344,18.06539535522461,18.119890213012695,40949700.0,15.761872291564941
2014-12-22,18.351499557495117,17.94732093811035,18.156221389770508,18.074478149414062,23830900.0,15.722369194030762
2014-12-23,18.43778419494629,18.133514404296875,18.1380558013916,18.328792572021484,21266400.0,15.943589210510254
2014-12-24,18.542234420776367,18.365121841430664,18.378746032714844,18.41053581237793,12175900.0,16.01469612121582
2014-12-26,18.596731185913086,18.392370223999023,18.405994415283203,18.483196258544922,10779600.0,16.077899932861328
2014-12-29,18.574024200439453,18.34695816040039,18.428701400756836,18.48773765563965,16292500.0,16.081850051879883
2014-12-30,18.560400009155273,18.415077209472656,18.42416000366211,18.492279052734375,12683900.0,16.085800170898438
2014-12-31,18.53769302368164,18.210718154907227,18.505903244018555,18.224342346191406,7211900.0,15.852728843688965
2015-01-02,18.38328742980957,17.97456932067871,18.19255256652832,18.274295806884766,9811300.0,15.896183013916016
2015-01-05,18.2061767578125,17.83378791809082,18.074478149414062,17.970027923583984,10831500.0,15.631512641906738
2015-01-06,18.265213012695312,17.674840927124023,18.10626792907715,17.83378791809082,11988500.0,15.51300048828125
2015-01-07,18.05177116394043,17.815622329711914,17.956403732299805,18.042688369750977,10508900.0,15.694713592529297
2015-01-08,18.569482803344727,18.201635360717773,18.21980094909668,18.4741153717041,9829700.0,16.070003509521484
2015-01-09,18.66485023498535,18.265213012695312,18.546775817871094,18.469573974609375,9697700.0,16.0660457611084
2015-01-12,18.528610229492188,18.060853958129883,18.4741153717041,18.12897300720215,8957300.0,15.769777297973633
2015-01-13,18.469573974609375,17.915531158447266,18.147138595581055,18.07901954650879,11539100.0,15.726318359375
2015-01-14,17.951862335205078,17.61580467224121,17.933696746826172,17.920072555541992,10376600.0,15.58806037902832
2015-01-15,18.001815795898438,17.33424186706543,17.920072555541992,17.343324661254883,13777900.0,15.086365699768066
2015-01-16,17.506811141967773,17.066303253173828,17.202543258666992,17.41144371032715,12977400.0,15.14561653137207
2015-01-20,17.66575813293457,17.30699348449707,17.456857681274414,17.53860092163086,10231500.0,15.25622844696045
2015-01-21,17.697547912597656,17.393278121948242,17.44777488708496,17.515893936157227,8391500.0,15.236479759216309
2015-01-22,18.2061767578125,17.520435333251953,17.674840927124023,18.19255256652832,11681800.0,15.825080871582031
2015-01-23,18.278837203979492,18.056312561035156,18.147138595581055,18.201635360717773,7106800.0,15.83298110961914
2015-01-26,18.047229766845703,17.570390701293945,18.047229766845703,17.63850975036621,11265600.0,15.343135833740234
2015-01-27,17.188919067382812,16.675748825073242,17.011808395385742,16.966394424438477,17203000.0,14.758484840393066
2015-01-28,17.30699348449707,16.852861404418945,17.17983627319336,16.875568389892578,10656300.0,14.679479598999023
2015-01-29,17.20708465576172,16.689373016357422,16.939146041870117,17.13896369934082,10152200.0,14.908598899841309
2015-01-30,17.020889282226562,16.376022338867188,16.993642807006836,16.40781021118164,17497000.0,14.272594451904297
2015-02-02,16.60308837890625,16.094459533691406,16.466848373413086,16.56221580505371,15459600.0,14.406905174255371
2015-02-03,17.16621208190918,16.66666603088379,16.66666603088379,17.152587890625,14590300.0,14.920452117919922
2015-02-04,17.388736724853516,17.079927444458008,17.079927444458008,17.211626052856445,10479700.0,14.971805572509766
2015-02-05,17.338783264160156,17.16621208190918,17.24341583251953,17.234333038330078,6313100.0,14.99155330657959
2015-02-06,17.55222511291504,17.17983627319336,17.22979164123535,17.234333038330078,8307500.0,14.99155330657959
2015-02-09,17.184377670288086,16.943687438964844,17.17983627319336,17.093551635742188,7968200.0,14.869097709655762
2015-02-10,17.39781951904297,17.10263442993164,17.20708465576172,17.20708465576172,7781500.0,14.967854499816895
2015-02-11,17.456857681274414,17.202543258666992,17.20708465576172,17.338783264160156,7953700.0,15.082414627075195
2015-02-12,17.643051147460938,17.36149024963379,17.456857681274414,17.425067901611328,9193600.0,15.157468795776367
2015-02-13,17.520435333251953,17.32061767578125,17.388736724853516,17.5113525390625,6630500.0,15.232524871826172
2015-02-17,17.647592544555664,17.393278121948242,17.506811141967773,17.497730255126953,7569900.0,15.220674514770508
2015-02-18,17.520435333251953,17.216167449951172,17.520435333251953,17.325159072875977,8142700.0,15.070561408996582
2015-02-19,17.438692092895508,17.188919067382812,17.325159072875977,17.429609298706055,5732200.0,15.161422729492188
2015-02-20,17.479564666748047,17.17983627319336,17.41144371032715,17.43415069580078,7518300.0,15.165369987487793
2015-02-23,17.484106063842773,17.2207088470459,17.47502326965332,17.343324661254883,9947900.0,15.086365699768066
2015-02-24,17.5794734954834,17.261579513549805,17.366031646728516,17.479564666748047,14739500.0,15.204875946044922
2015-02-25,16.207992553710938,15.631244659423828,16.058128356933594,15.74477767944336,62987700.0,13.695842742919922
2015-02-26,15.735694885253906,15.299727439880371,15.667574882507324,15.445050239562988,32530600.0,13.435121536254883
2015-02-27,15.89009952545166,15.40417766571045,15.431426048278809,15.821980476379395,29539200.0,13.76300048828125
2015-03-02,15.953678131103516,15.667574882507324,15.821980476379395,15.85831069946289,15719600.0,13.794601440429688
2015-03-03,15.912806510925293,15.644867897033691,15.85831069946289,15.69936466217041,13686400.0,13.656342506408691
2015-03-04,15.663033485412598,15.445050239562988,15.640326499938965,15.526793479919434,15331800.0,13.506226539611816
2015-03-05,15.590372085571289,15.367847442626953,15.567666053771973,15.440508842468262,18224700.0,13.431170463562012
2015-03-06,15.417801856994629,15.036330223083496,15.349681854248047,15.068120002746582,17413000.0,13.107243537902832
2015-03-09,15.02724838256836,14.81380558013916,15.0,14.963669776916504,14137600.0,13.156082153320312
2015-03-10,15.081744194030762,14.754768371582031,15.081744194030762,14.836512565612793,16495100.0,13.04428482055664
2015-03-11,14.977293014526367,14.718438148498535,14.977293014526367,14.809264183044434,13762600.0,13.020328521728516
2015-03-12,14.895549774169922,14.309718132019043,14.364213943481445,14.85921859741211,26255300.0,13.064249038696289
2015-03-13,14.80018138885498,14.532243728637695,14.80018138885498,14.727519989013672,14845500.0,12.948457717895508
2015-03-16,14.854677200317383,14.618528366088867,14.713896751403809,14.704813957214355,12498900.0,12.928495407104492
2015-03-17,14.745685577392578,14.623069763183594,14.659400939941406,14.727519989013672,10316700.0,12.948457717895508
2015-03-18,15.059037208557129,14.604904174804688,14.695731163024902,15.0,13818300.0,13.188023567199707
2015-03-19,15.004541397094727,14.818346977233887,14.959128379821777,14.913714408874512,11780900.0,13.112161636352539
2015-03-20,15.254314422607422,14.922797203063965,14.922797203063965,15.113533020019531,25140600.0,13.287841796875
2015-03-23,15.322434425354004,15.095367431640625,15.122615814208984,15.190735816955566,12709800.0,13.355719566345215
2015-03-24,15.213441848754883,15.036330223083496,15.177111625671387,15.127157211303711,11106000.0,13.299820899963379
2015-03-25,15.213441848754883,14.623069763183594,15.177111625671387,14.623069763183594,11313000.0,12.856626510620117
2015-03-26,14.804722785949707,14.336966514587402,14.491371154785156,14.536785125732422,13709000.0,12.78076457977295
2015-03-27,14.682106971740723,14.091734886169434,14.62761116027832,14.30063533782959,19440400.0,12.573139190673828
2015-03-30,14.523160934448242,14.29609489440918,14.477747917175293,14.336966514587402,11118600.0,12.605083465576172
2015-03-31,14.282470703125,14.09627628326416,14.209809303283691,14.150772094726562,13722100.0,12.44138240814209
2015-04-01,14.46866512298584,14.178019523620605,14.464123725891113,14.209809303283691,15469100.0,12.493285179138184
2015-04-02,14.418710708618164,14.178019523620605,14.214350700378418,14.259763717651367,8527700.0,12.53720760345459
2015-04-06,14.477747917175293,14.078110694885254,14.10990047454834,14.45504093170166,9231400.0,12.708893775939941
2015-04-07,14.445958137512207,14.26884651184082,14.409627914428711,14.26884651184082,8444800.0,12.545190811157227
2015-04-08,14.518619537353516,14.132606506347656,14.305176734924316,14.31425952911377,11664700.0,12.585119247436523
2015-04-09,14.4277925491333,14.246139526367188,14.32788372039795,14.32788372039795,7544300.0,12.597097396850586
2015-04-10,14.62761116027832,14.223433494567871,14.377838134765625,14.582198143005371,15519800.0,12.82069206237793
2015-04-13,14.918255805969238,14.48682975769043,14.582198143005371,14.850135803222656,19703000.0,13.05626392364502
2015-04-14,14.850135803222656,14.545866966247559,14.845595359802246,14.768392562866211,11305800.0,12.984394073486328
2015-04-15,15.108991622924805,14.818346977233887,14.863759994506836,15.004541397094727,24667400.0,13.192015647888184
2015-04-16,15.063578605651855,14.895549774169922,14.963669776916504,14.900091171264648,7559800.0,13.100183486938477
2015-04-17,14.891008377075195,14.682106971740723,14.786558151245117,14.772933959960938,10663700.0,12.988386154174805
2015-04-20,15.190735816955566,14.81380558013916,14.818346977233887,15.17257022857666,10215200.0,13.339747428894043
2015-04-21,15.267938613891602,14.950045585632324,15.208901405334473,15.081744194030762,20619500.0,13.259892463684082
2015-04-22,15.281561851501465,15.0,15.122615814208984,15.21798324584961,9068800.0,13.379674911499023
2015-04-23,15.304268836975098,15.04541301727295,15.077202796936035,15.15894603729248,8612800.0,13.32776927947998
2015-04-24,15.32697582244873,15.054495811462402,15.32697582244873,15.104450225830078,7621100.0,13.27985668182373
2015-04-27,15.163487434387207,14.98637580871582,15.163487434387207,15.018165588378906,8411300.0,13.20399284362793
2015-04-28,15.095367431640625,14.863759994506836,15.072661399841309,15.095367431640625,8935900.0,13.271871566772461
2015-04-29,15.240690231323242,14.936421394348145,15.049954414367676,15.131698608398438,8641900.0,13.303811073303223
2015-04-30,15.195277214050293,14.913714408874512,15.127157211303711,14.97275161743164,10519500.0,13.164067268371582
2015-05-01,15.408719062805176,15.077202796936035,15.077202796936035,15.349681854248047,11589100.0,13.495464324951172
2015-05-04,15.390554428100586,15.249773025512695,15.349681854248047,15.281561851501465,5092900.0,13.435572624206543
2015-05-05,15.290644645690918,14.95458698272705,15.18619441986084,15.059037208557129,8725500.0,13.239928245544434
2015-05-06,15.15894603729248,14.645776748657227,15.072661399841309,14.759309768676758,8460600.0,12.976408958435059
2015-05-07,14.98637580871582,14.65485954284668,14.736602783203125,14.904632568359375,7754700.0,13.10417652130127
2015-05-08,15.213441848754883,14.96821117401123,15.068120002746582,15.17257022857666,7557300.0,13.339747428894043
2015-05-11,15.3587646484375,15.136240005493164,15.168028831481934,15.304268836975098,9970400.0,13.455535888671875
2015-05-12,15.154404640197754,14.940962791442871,15.131698608398438,14.950045585632324,9029100.0,13.14410400390625
2015-05-13,15.204360008239746,14.97275161743164,14.990917205810547,15.122615814208984,6256300.0,13.29582691192627
2015-05-14,15.317893028259277,15.168028831481934,15.21798324584961,15.304268836975098,6111900.0,13.455535888671875
2015-05-15,15.317893028259277,15.118074417114258,15.258855819702148,15.258855819702148,9725600.0,13.415611267089844
2015-05-18,15.222524642944336,14.990917205810547,15.208901405334473,15.099908828735352,8736900.0,13.275862693786621
2015-05-19,15.208901405334473,15.081744194030762,15.095367431640625,15.168028831481934,7674700.0,13.33575439453125
2015-05-20,15.190735816955566,14.886466979980469,15.17257022857666,15.018165588378906,12001500.0,13.20399284362793
2015-05-21,15.413260459899902,14.995458602905273,15.03178882598877,15.363306045532227,13435100.0,13.507441520690918
2015-05-22,16.1671199798584,15.55858325958252,15.563124656677246,15.785649299621582,28605400.0,13.878767013549805
2015-05-26,15.722070693969727,15.104450225830078,15.653950691223145,15.15894603729248,17037700.0,13.32776927947998
2015-05-27,15.3587646484375,15.086285591125488,15.272480010986328,15.340599060058594,13849400.0,13.487479209899902
2015-05-28,15.399636268615723,15.19981861114502,15.308810234069824,15.281561851501465,6860200.0,13.435572624206543
2015-05-29,15.304268836975098,15.104450225830078,15.267938613891602,15.168028831481934,12242200.0,13.33575439453125
2015-06-01,15.435967445373535,15.127157211303711,15.17257022857666,15.331517219543457,9252200.0,13.479494094848633
2015-06-02,15.567666053771973,15.136240005493164,15.286103248596191,15.38601303100586,9819400.0,13.52740478515625
2015-06-03,15.55858325958252,15.37238883972168,15.445050239562988,15.422343254089355,10563500.0,13.559348106384277
2015-06-04,15.363306045532227,15.068120002746582,15.231607437133789,15.122615814208984,12885500.0,13.29582691192627
2015-06-05,15.18619441986084,14.904632568359375,15.136240005493164,14.950045585632324,12132500.0,13.14410400390625
2015-06-08,14.95458698272705,14.713896751403809,14.881925582885742,14.845595359802246,9474400.0,13.207757949829102
2015-06-09,14.918255805969238,14.663942337036133,14.831971168518066,14.795639991760254,8203300.0,13.163314819335938
2015-06-10,15.054495811462402,14.831971168518066,14.831971168518066,14.945504188537598,6656200.0,13.29664421081543
2015-06-11,15.03178882598877,14.745685577392578,14.959128379821777,14.768392562866211,8896700.0,13.139073371887207
2015-06-12,14.84105396270752,14.623069763183594,14.750226974487305,14.718438148498535,5225400.0,13.094629287719727
2015-06-15,14.65485954284668,14.373296737670898,14.65485954284668,14.400545120239258,12203900.0,12.811808586120605
2015-06-16,14.423251152038574,14.29609489440918,14.405086517333984,14.373296737670898,13011600.0,12.787566184997559
2015-06-17,14.67302417755127,14.396003723144531,14.396003723144531,14.62761116027832,10995700.0,13.013825416564941
2015-06-18,14.786558151245117,14.541326522827148,14.645776748657227,14.568573951721191,15268000.0,12.96130084991455
2015-06-19,14.577656745910645,14.44141674041748,14.514078140258789,14.44141674041748,14965200.0,12.848172187805176
2015-06-22,14.532243728637695,14.391462326049805,14.514078140258789,14.396003723144531,11388500.0,12.807768821716309
2015-06-23,14.48682975769043,14.323342323303223,14.482288360595703,14.364213943481445,11897500.0,12.779485702514648
2015-06-24,14.4277925491333,14.31425952911377,14.32788372039795,14.323342323303223,10243400.0,12.743123054504395
2015-06-25,14.400545120239258,14.10990047454834,14.400545120239258,14.173479080200195,9561700.0,12.609793663024902
2015-06-26,14.032697677612305,13.746594429016113,13.887374877929688,13.864668846130371,20335600.0,12.335054397583008
2015-06-29,13.810173034667969,13.578564643859863,13.773841857910156,13.61035442352295,16508200.0,12.108795166015625
2015-06-30,13.719346046447754,13.405994415283203,13.655767440795898,13.628519058227539,19352400.0,12.124955177307129
2015-07-01,13.873750686645508,13.601271629333496,13.773841857910156,13.860127449035645,18350900.0,12.331010818481445
2015-07-02,14.08265209197998,13.914623260498047,13.94187068939209,13.937329292297363,15700700.0,12.399697303771973
2015-07-06,13.91008186340332,13.496821403503418,13.796548843383789,13.882833480834961,11581200.0,12.351213455200195
2015-07-07,14.123523712158203,13.719346046447754,13.860127449035645,13.987284660339355,18130500.0,12.444141387939453
2015-07-08,13.932788848876953,13.76930046081543,13.846503257751465,13.828337669372559,15465600.0,12.302727699279785
2015-07-09,14.005449295043945,13.778383255004883,13.95549488067627,13.801090240478516,13029700.0,12.278489112854004
2015-07-10,14.023614883422852,13.778383255004883,13.987284660339355,13.919164657592773,9277900.0,12.383535385131836
2015-07-13,14.0690279006958,13.860127449035645,14.050863265991211,13.960036277770996,6729000.0,12.419897079467773
2015-07-14,13.95549488067627,13.832879066467285,13.928247451782227,13.855586051940918,8703300.0,12.326971054077148
2015-07-15,13.937329292297363,13.805631637573242,13.873750686645508,13.851044654846191,11886400.0,12.322932243347168
2015-07-16,13.964577674865723,13.778383255004883,13.91008186340332,13.78292465209961,10712100.0,12.262327194213867
2015-07-17,13.828337669372559,13.601271629333496,13.778383255004883,13.787466049194336,12333500.0,12.266366958618164
2015-07-20,13.869210243225098,13.669391632080078,13.805631637573242,13.828337669372559,11963600.0,12.302727699279785
2015-07-21,13.937329292297363,13.664850234985352,13.692097663879395,13.9237060546875,17044800.0,12.387578010559082
2015-07-22,13.982743263244629,13.78292465209961,13.814713478088379,13.973660469055176,12213000.0,12.43202018737793
2015-07-23,14.287012100219727,13.987284660339355,14.087193489074707,14.182560920715332,15227100.0,12.617873191833496
2015-07-24,14.264305114746094,13.869210243225098,14.159854888916016,13.991826057434082,23314400.0,12.448183059692383
2015-07-27,13.846503257751465,13.660308837890625,13.846503257751465,13.73751163482666,9972500.0,12.221922874450684
2015-07-28,13.864668846130371,13.628519058227539,13.855586051940918,13.746594429016113,8032600.0,12.230005264282227
2015-07-29,13.828337669372559,13.664850234985352,13.72388744354248,13.760217666625977,8571200.0,12.242127418518066
2015-07-30,13.928247451782227,13.660308837890625,13.72388744354248,13.905540466308594,7058000.0,12.371416091918945
2015-07-31,13.996366500854492,13.841961860656738,13.946412086486816,13.860127449035645,11925600.0,12.331010818481445
2015-08-03,13.9237060546875,13.546775817871094,13.891916275024414,13.633060455322266,11539500.0,12.128997802734375
2015-08-04,13.714804649353027,13.405994415283203,13.646684646606445,13.514986038208008,12652900.0,12.023950576782227
2015-08-05,13.796548843383789,13.61035442352295,13.633060455322266,13.760217666625977,10368500.0,12.242127418518066
2015-08-06,13.978201866149902,13.673933029174805,13.805631637573242,13.687557220458984,10626800.0,12.177482604980469
2015-08-07,13.719346046447754,13.3514986038208,13.633060455322266,13.356040000915527,10378400.0,11.882536888122559
2015-08-10,13.75567626953125,13.37874698638916,13.383288383483887,13.732970237731934,9890800.0,12.217883110046387
2015-08-11,13.61035442352295,13.306085586547852,13.59673023223877,13.315168380737305,9333400.0,11.846173286437988
2015-08-12,13.228882789611816,12.888283729553223,13.21071720123291,13.215258598327637,28699300.0,11.757287979125977
2015-08-13,13.356040000915527,12.915531158447266,13.169845581054688,12.920072555541992,8519800.0,11.494668960571289
2015-08-14,13.092642784118652,12.901906967163086,12.920072555541992,13.03814697265625,7581800.0,11.599717140197754
2015-08-17,13.079019546508789,12.842869758605957,12.942779541015625,12.9927339553833,8224800.0,11.559313774108887
2015-08-18,12.979109764099121,12.811080932617188,12.874659538269043,12.89282512664795,10757300.0,11.470427513122559
2015-08-19,12.883742332458496,12.53860092163086,12.801998138427734,12.597638130187988,16250200.0,11.207806587219238
2015-08-20,12.652134895324707,12.356947898864746,12.49318790435791,12.420526504516602,16614200.0,11.050233840942383
2015-08-21,13.36512279510498,12.234332084655762,12.238873481750488,12.475022315979004,37383000.0,11.098718643188477
2015-08-24,12.606720924377441,11.285195350646973,11.630335807800293,12.079927444458008,35288800.0,10.747211456298828
2015-08-25,12.434150695800781,11.6485013961792,12.343324661254883,11.666666984558105,23577400.0,10.37954330444336
2015-08-26,12.32061767578125,11.793824195861816,11.970935821533203,12.30699348449707,22834600.0,10.949228286743164
2015-08-27,12.652134895324707,12.343324661254883,12.438692092895508,12.620345115661621,17714600.0,11.228008270263672
2015-08-28,12.774749755859375,12.561307907104492,12.579473495483398,12.729336738586426,14890000.0,11.32497787475586
2015-08-31,12.770209312438965,12.584014892578125,12.629427909851074,12.742960929870605,14141200.0,11.337098121643066
2015-09-01,12.783832550048828,12.406903266906738,12.438692092895508,12.629427909851074,39561700.0,11.236089706420898
2015-09-02,12.788373947143555,12.447774887084961,12.783832550048828,12.715712547302246,24898200.0,11.312856674194336
2015-09-03,13.033605575561523,12.688465118408203,12.729336738586426,12.774749755859375,10892900.0,11.365379333496094
2015-09-04,12.524977684020996,12.247956275939941,12.452316284179688,12.257039070129395,14872300.0,11.057120323181152
2015-09-08,12.547683715820312,12.3660306930542,12.456857681274414,12.529519081115723,10281200.0,11.302925109863281
2015-09-09,12.720253944396973,12.356947898864746,12.66575813293457,12.379654884338379,11570300.0,11.167733192443848
2015-09-10,12.488646507263184,12.193460464477539,12.347865104675293,12.411443710327148,22748200.0,11.196409225463867
2015-09-11,12.402361869812012,12.225250244140625,12.343324661254883,12.329700469970703,25235500.0,11.122668266296387
2015-09-14,12.49318790435791,12.243414878845215,12.347865104675293,12.279746055603027,12985800.0,11.077604293823242
2015-09-15,12.384196281433105,12.198001861572266,12.243414878845215,12.311534881591797,15886200.0,11.106282234191895
2015-09-16,12.965485572814941,12.502270698547363,12.602179527282715,12.929155349731445,32261500.0,11.663437843322754
2015-09-17,12.83832836151123,12.49318790435791,12.615803718566895,12.52043628692627,17070000.0,11.294731140136719
2015-09-18,12.502270698547363,12.011807441711426,12.488646507263184,12.052679061889648,29076300.0,10.87276554107666
2015-09-21,12.125340461730957,11.889191627502441,11.889191627502441,12.0072660446167,16010400.0,10.831799507141113
2015-09-22,11.939146041870117,11.525885581970215,11.757493019104004,11.6485013961792,31935200.0,10.508156776428223
2015-09-23,11.698455810546875,11.485013961791992,11.6485013961792,11.57583999633789,11151000.0,10.442608833312988
2015-09-24,11.503178596496582,11.326066970825195,11.43505859375,11.471389770507812,13867700.0,10.348383903503418
2015-09-25,11.557674407958984,11.24432373046875,11.539509773254395,11.357856750488281,12693800.0,10.245965003967285
2015-09-28,11.307902336120605,11.080835342407227,11.121707916259766,11.158038139343262,15064300.0,10.06570816040039
2015-09-29,11.330608367919922,11.035422325134277,11.117166519165039,11.194368362426758,17002400.0,10.098482131958008
2015-09-30,11.675749778747559,11.326066970825195,11.385104179382324,11.630335807800293,19282600.0,10.491769790649414
2015-10-01,11.675749778747559,11.38964557647705,11.58946418762207,11.512261390686035,27526500.0,10.385254859924316
2015-10-02,11.839237213134766,11.353315353393555,11.357856750488281,11.839237213134766,34297400.0,10.680218696594238
2015-10-05,12.370572090148926,11.9164400100708,11.966394424438477,12.343324661254883,34995000.0,11.134961128234863
2015-10-06,12.770209312438965,12.311534881591797,12.329700469970703,12.715712547302246,46387100.0,11.470893859863281
2015-10-07,12.83378791809082,12.602179527282715,12.765667915344238,12.720253944396973,37784700.0,11.47498893737793
2015-10-08,13.260672569274902,12.670299530029297,12.711172103881836,13.25158977508545,44186400.0,11.954309463500977
2015-10-09,13.519527435302734,13.19255256652832,13.233424186706543,13.306085586547852,52431800.0,12.003470420837402
2015-10-12,13.333333015441895,13.0835599899292,13.265213012695312,13.306085586547852,18726900.0,12.003470420837402
2015-10-13,13.442325592041016,13.138056755065918,13.17892837524414,13.274295806884766,19378400.0,11.97479248046875
2015-10-14,13.383288383483887,13.142597198486328,13.228882789611816,13.360581398010254,18953000.0,12.052630424499512
2015-10-15,13.287919998168945,13.047229766845703,13.188011169433594,13.06539535522461,26036200.0,11.786341667175293
2015-10-16,13.151679992675781,12.951862335205078,13.115349769592285,13.106266975402832,26529000.0,11.823212623596191
2015-10-19,13.197093963623047,12.947320938110352,12.988192558288574,13.160762786865234,27508000.0,11.872373580932617
2015-10-20,13.147138595581055,12.924613952636719,13.088101387023926,12.970026969909668,18061000.0,11.700309753417969
2015-10-21,13.069936752319336,12.811080932617188,12.983651161193848,12.82016372680664,18079900.0,11.565116882324219
2015-10-22,13.133515357971191,12.87920093536377,12.87920093536377,13.06539535522461,7965900.0,11.786341667175293
2015-10-23,13.283378601074219,13.047229766845703,13.160762786865234,13.183469772338867,8324500.0,11.89285659790039
2015-10-26,13.17892837524414,12.7247953414917,13.142597198486328,12.747502326965332,10013100.0,11.499570846557617
2015-10-27,12.733878135681152,12.420526504516602,12.67938232421875,12.465940475463867,15179000.0,11.245569229125977
2015-10-28,12.715712547302246,12.443233489990234,12.497729301452637,12.70663070678711,8337500.0,11.462699890136719
2015-10-29,12.611262321472168,12.384196281433105,12.547683715820312,12.429609298706055,9989700.0,11.212796211242676
2015-10-30,12.438692092895508,12.13442325592041,12.316076278686523,12.243414878845215,58129700.0,11.044829368591309
2015-11-02,14.0,12.40999984741211,12.470000267028809,13.829999923706055,51620800.0,12.476095199584961
2015-11-03,14.5,13.550000190734863,13.729999542236328,14.289999961853027,39579400.0,12.891061782836914
2015-11-04,14.430000305175781,13.90999984741211,14.25,14.140000343322754,34005400.0,12.755746841430664
2015-11-05,14.25,13.960000038146973,14.210000038146973,14.050000190734863,16651600.0,12.67455768585205
2015-11-06,14.0600004196167,13.829999923706055,13.960000038146973,14.010000228881836,21712700.0,12.638474464416504
2015-11-09,14.350000381469727,13.84000015258789,14.25,13.869999885559082,19631600.0,12.512178421020508
2015-11-10,14.140000343322754,13.829999923706055,13.869999885559082,14.119999885559082,15740300.0,12.737703323364258
2015-11-11,14.210000038146973,13.899999618530273,14.130000114440918,13.920000076293945,9752900.0,12.557284355163574
2015-11-12,13.800000190734863,13.289999961853027,13.789999961853027,13.3100004196167,20432200.0,12.006999969482422
2015-11-13,13.449999809265137,13.029999732971191,13.359999656677246,13.109999656677246,17493700.0,11.826578140258789
2015-11-16,13.430000305175781,13.109999656677246,13.149999618530273,13.350000381469727,12704600.0,12.043085098266602
2015-11-17,13.649999618530273,13.260000228881836,13.40999984741211,13.279999732971191,14773000.0,11.979937553405762
2015-11-18,13.6899995803833,13.380000114440918,13.430000305175781,13.640000343322754,12828600.0,12.304694175720215
2015-11-19,13.84000015258789,13.619999885559082,13.670000076293945,13.789999961853027,15354600.0,12.440011024475098
2015-11-20,14.09000015258789,13.8100004196167,13.84000015258789,14.0600004196167,20111400.0,12.683577537536621
2015-11-23,14.329999923706055,13.989999771118164,14.3100004196167,14.229999542236328,14518100.0,12.836934089660645
2015-11-24,14.819999694824219,14.020000457763672,14.069999694824219,14.640000343322754,28906300.0,13.206798553466797
2015-11-25,13.270000457763672,12.260000228881836,13.170000076293945,12.640000343322754,71908600.0,11.402591705322266
2015-11-27,12.880000114440918,12.510000228881836,12.539999961853027,12.609999656677246,17214300.0,11.375528335571289
2015-11-30,12.6899995803833,12.390000343322754,12.579999923706055,12.539999961853027,28852400.0,11.312381744384766
2015-12-01,12.770000457763672,12.520000457763672,12.630000114440918,12.739999771118164,17801800.0,11.492802619934082
2015-12-02,12.609999656677246,11.899999618530273,12.609999656677246,11.949999809265137,52272800.0,10.780139923095703
2015-12-03,12.369999885559082,11.859999656677246,11.970000267028809,12.149999618530273,47349900.0,10.960561752319336
2015-12-04,12.5600004196167,12.119999885559082,12.149999618530273,12.319999694824219,21815300.0,11.11391830444336
2015-12-07,12.470000267028809,12.069999694824219,12.210000038146973,12.149999618530273,21616400.0,11.072000503540039
2015-12-08,12.359999656677246,11.890000343322754,11.920000076293945,12.1899995803833,20595500.0,11.108448028564453
2015-12-09,12.449999809265137,12.050000190734863,12.079999923706055,12.109999656677246,23603500.0,11.035550117492676
2015-12-10,12.380000114440918,12.119999885559082,12.119999885559082,12.359999656677246,15118800.0,11.26336669921875
2015-12-11,12.279999732971191,12.039999961853027,12.140000343322754,12.210000038146973,20889500.0,11.126675605773926
2015-12-14,12.470000267028809,12.010000228881836,12.300000190734863,12.15999984741211,19218000.0,11.0811128616333
2015-12-15,12.470000267028809,12.199999809265137,12.220000267028809,12.210000038146973,18768600.0,11.126675605773926
2015-12-16,12.399999618530273,12.180000305175781,12.270000457763672,12.260000228881836,18241300.0,11.17223834991455
2015-12-17,12.350000381469727,11.890000343322754,12.279999732971191,11.899999618530273,25744300.0,10.844179153442383
2015-12-18,11.90999984741211,11.449999809265137,11.829999923706055,11.510000228881836,38462400.0,10.488783836364746
2015-12-21,11.630000114440918,11.3100004196167,11.600000381469727,11.430000305175781,18336200.0,10.415882110595703
2015-12-22,11.760000228881836,11.300000190734863,11.399999618530273,11.65999984741211,19668700.0,10.625473976135254
2015-12-23,11.789999961853027,11.65999984741211,11.75,11.75,11953800.0,10.707488059997559
2015-12-24,11.890000343322754,11.720000267028809,11.75,11.729999542236328,4626600.0,10.689262390136719
2015-12-28,11.720000267028809,11.579999923706055,11.699999809265137,11.630000114440918,8015000.0,10.598137855529785
2015-12-29,11.930000305175781,11.670000076293945,11.670000076293945,11.859999656677246,9666300.0,10.80772876739502
2015-12-30,11.960000038146973,11.8100004196167,11.90999984741211,11.84000015258789,8390600.0,10.78950309753418
2015-12-31,11.989999771118164,11.760000228881836,11.829999923706055,11.84000015258789,10382700.0,10.78950309753418
2016-01-04,11.65999984741211,11.449999809265137,11.579999923706055,11.600000381469727,15143500.0,10.57079792022705
2016-01-05,11.779999732971191,11.579999923706055,11.649999618530273,11.710000038146973,13558400.0,10.671038627624512
2016-01-06,11.520000457763672,11.199999809265137,11.520000457763672,11.289999961853027,16352600.0,10.288301467895508
2016-01-07,11.050000190734863,10.720000267028809,11.050000190734863,10.770000457763672,25487700.0,9.814438819885254
2016-01-08,10.920000076293945,10.550000190734863,10.829999923706055,10.579999923706055,17429400.0,9.64129638671875
2016-01-11,10.75,10.5,10.65999984741211,10.649999618530273,17000900.0,9.705086708068848
2016-01-12,10.890000343322754,10.569999694824219,10.760000228881836,10.819999694824219,16629500.0,9.860000610351562
2016-01-13,10.930000305175781,10.4399995803833,10.829999923706055,10.579999923706055,29839500.0,9.64129638671875
2016-01-14,10.819999694824219,10.539999961853027,10.600000381469727,10.619999885559082,29085000.0,9.677745819091797
2016-01-15,10.380000114440918,9.989999771118164,10.180000305175781,10.109999656677246,24212500.0,9.212996482849121
2016-01-19,10.279999732971191,9.699999809265137,10.270000457763672,9.760000228881836,27430300.0,8.894051551818848
2016-01-20,9.630000114440918,9.239999771118164,9.550000190734863,9.550000190734863,27005100.0,8.702683448791504
2016-01-21,10.010000228881836,9.510000228881836,9.609999656677246,9.9399995803833,25739300.0,9.058080673217773
2016-01-22,10.239999771118164,9.729999542236328,10.130000114440918,9.800000190734863,17295200.0,8.930501937866211
2016-01-25,9.8100004196167,9.449999809265137,9.789999961853027,9.489999771118164,14556800.0,8.648005485534668
2016-01-26,9.800000190734863,9.510000228881836,9.539999961853027,9.640000343322754,9863800.0,8.784696578979492
2016-01-27,9.890000343322754,9.569999694824219,9.640000343322754,9.619999885559082,9768600.0,8.766470909118652
2016-01-28,9.770000457763672,9.420000076293945,9.75,9.479999542236328,13443700.0,8.63889217376709
2016-01-29,9.720000267028809,9.399999618530273,9.579999923706055,9.710000038146973,47468400.0,8.84848690032959
2016-02-01,10.010000228881836,9.59000015258789,9.649999618530273,9.970000267028809,21712300.0,9.085417747497559
2016-02-02,9.970000267028809,9.729999542236328,9.829999923706055,9.880000114440918,21614700.0,9.003403663635254
2016-02-03,9.850000381469727,9.329999923706055,9.8100004196167,9.649999618530273,15264300.0,8.793810844421387
2016-02-04,9.9399995803833,9.600000381469727,9.600000381469727,9.859999656677246,11624700.0,8.98517894744873
2016-02-05,10.119999885559082,9.760000228881836,9.829999923706055,9.90999984741211,17014200.0,9.030742645263672
2016-02-08,9.8100004196167,9.210000038146973,9.760000228881836,9.369999885559082,15919200.0,8.538653373718262
2016-02-09,9.420000076293945,9.149999618530273,9.289999961853027,9.1899995803833,19145800.0,8.374622344970703
2016-02-10,9.470000267028809,9.1899995803833,9.239999771118164,9.279999732971191,12246800.0,8.456637382507324
2016-02-11,9.199999809265137,8.90999984741211,9.140000343322754,9.020000457763672,14737600.0,8.219706535339355
2016-02-12,9.4399995803833,9.029999732971191,9.09000015258789,9.420000076293945,9665500.0,8.584218978881836
2016-02-16,9.850000381469727,9.449999809265137,9.5600004196167,9.8100004196167,12066900.0,8.939614295959473
2016-02-17,10.100000381469727,9.869999885559082,9.880000114440918,10.079999923706055,11990100.0,9.185659408569336
2016-02-18,10.670000076293945,10.100000381469727,10.130000114440918,10.520000457763672,18758900.0,9.586620330810547
2016-02-19,10.489999771118164,10.050000190734863,10.489999771118164,10.319999694824219,13933500.0,9.404365539550781
2016-02-22,10.75,10.420000076293945,10.4399995803833,10.680000305175781,10850000.0,9.732425689697266
2016-02-23,10.630000114440918,10.25,10.609999656677246,10.3100004196167,13019800.0,9.395254135131836
2016-02-24,10.859999656677246,10.100000381469727,10.279999732971191,10.819999694824219,21745800.0,9.860000610351562
2016-02-25,10.460000038146973,9.949999809265137,10.15999984741211,10.34000015258789,35521800.0,9.422591209411621
2016-02-26,10.989999771118164,10.380000114440918,10.4399995803833,10.640000343322754,22768000.0,9.695971488952637
2016-02-29,10.850000381469727,10.600000381469727,10.640000343322754,10.6899995803833,17442500.0,9.741537094116211
2016-03-01,11.020000457763672,10.670000076293945,10.84000015258789,10.930000305175781,17280100.0,9.960243225097656
2016-03-02,11.0600004196167,10.770000457763672,10.930000305175781,10.899999618530273,12508200.0,9.932905197143555
2016-03-03,11.300000190734863,10.960000038146973,10.970000267028809,11.109999656677246,18077900.0,10.124272346496582
2016-03-04,11.319999694824219,11.100000381469727,11.149999618530273,11.180000305175781,15194000.0,10.188063621520996
2016-03-07,11.399999618530273,10.949999809265137,10.989999771118164,11.3100004196167,12399200.0,10.422122955322266
2016-03-08,11.270000457763672,10.960000038146973,11.199999809265137,11.050000190734863,13055000.0,10.182533264160156
2016-03-09,11.449999809265137,11.09000015258789,11.09000015258789,11.359999656677246,12056800.0,10.4681978225708
2016-03-10,11.5600004196167,11.149999618530273,11.390000343322754,11.420000076293945,15901300.0,10.523487091064453
2016-03-11,11.699999809265137,11.449999809265137,11.520000457763672,11.699999809265137,12948000.0,10.781505584716797
2016-03-14,11.710000038146973,11.359999656677246,11.630000114440918,11.470000267028809,13588500.0,10.569561958312988
2016-03-15,11.449999809265137,11.199999809265137,11.430000305175781,11.399999618530273,11307600.0,10.505057334899902
2016-03-16,11.670000076293945,11.350000381469727,11.40999984741211,11.619999885559082,11691700.0,10.707784652709961
2016-03-17,12.25,11.59000015258789,11.619999885559082,11.720000267028809,18156500.0,10.79993724822998
2016-03-18,12.220000267028809,11.779999732971191,11.779999732971191,12.180000305175781,35437900.0,11.223825454711914
2016-03-21,12.239999771118164,11.979999542236328,12.140000343322754,12.210000038146973,14445600.0,11.25146770477295
2016-03-22,12.300000190734863,12.0600004196167,12.09000015258789,12.260000228881836,10974900.0,11.297542572021484
2016-03-23,12.279999732971191,11.970000267028809,12.239999771118164,12.020000457763672,11990000.0,11.076384544372559
2016-03-24,12.100000381469727,11.720000267028809,11.979999542236328,12.069999694824219,12086600.0,11.12246036529541
2016-03-28,12.140000343322754,11.960000038146973,12.0600004196167,12.069999694824219,10561500.0,11.12246036529541
2016-03-29,12.350000381469727,11.920000076293945,12.029999732971191,12.279999732971191,10561900.0,11.315973281860352
2016-03-30,12.390000343322754,12.15999984741211,12.34000015258789,12.300000190734863,10790100.0,11.334404945373535
2016-03-31,12.359999656677246,12.199999809265137,12.300000190734863,12.319999694824219,13811600.0,11.35283374786377
2016-04-01,12.289999961853027,12.029999732971191,12.210000038146973,12.260000228881836,11919300.0,11.297542572021484
2016-04-04,12.300000190734863,12.09000015258789,12.239999771118164,12.100000381469727,11098400.0,11.150103569030762
2016-04-05,12.140000343322754,11.930000305175781,12.100000381469727,11.949999809265137,15487800.0,11.011879920959473
2016-04-06,12.289999961853027,11.890000343322754,12.029999732971191,12.279999732971191,13010400.0,11.315973281860352
2016-04-07,12.289999961853027,11.930000305175781,12.210000038146973,11.989999771118164,14245300.0,11.048738479614258
2016-04-08,12.279999732971191,12.050000190734863,12.09000015258789,12.0600004196167,8256100.0,11.11324405670166
2016-04-11,12.4399995803833,12.100000381469727,12.100000381469727,12.130000114440918,15969500.0,11.177749633789062
2016-04-12,12.3100004196167,11.779999732971191,12.199999809265137,12.220000267028809,26895900.0,11.2606840133667
2016-04-13,12.739999771118164,12.260000228881836,12.34000015258789,12.640000343322754,16054700.0,11.647711753845215
2016-04-14,12.6899995803833,12.34000015258789,12.5600004196167,12.550000190734863,14127700.0,11.564777374267578
2016-04-15,12.710000038146973,12.5,12.569999694824219,12.520000457763672,12488300.0,11.537134170532227
2016-04-18,12.960000038146973,12.449999809265137,12.479999542236328,12.670000076293945,15574200.0,11.675355911254883
2016-04-19,12.920000076293945,12.59000015258789,12.699999809265137,12.779999732971191,18279200.0,11.776721954345703
2016-04-20,12.960000038146973,12.729999542236328,12.819999694824219,12.800000190734863,17072000.0,11.79515266418457
2016-04-21,12.84000015258789,12.579999923706055,12.779999732971191,12.59000015258789,11000400.0,11.601638793945312
2016-04-22,12.729999542236328,12.520000457763672,12.520000457763672,12.609999656677246,11636300.0,11.620067596435547
2016-04-25,12.640000343322754,12.369999885559082,12.550000190734863,12.569999694824219,13957200.0,11.583208084106445
2016-04-26,12.789999961853027,12.579999923706055,12.59000015258789,12.729999542236328,15712300.0,11.730645179748535
2016-04-27,12.789999961853027,12.489999771118164,12.65999984741211,12.760000228881836,10530700.0,11.758293151855469
2016-04-28,12.800000190734863,12.520000457763672,12.739999771118164,12.569999694824219,8041100.0,11.583208084106445
2016-04-29,12.510000228881836,12.130000114440918,12.489999771118164,12.270000457763672,13491900.0,11.306757926940918
2016-05-02,12.329999923706055,12.020000457763672,12.260000228881836,12.119999885559082,12284000.0,11.168535232543945
2016-05-03,12.109999656677246,11.609999656677246,12.050000190734863,11.710000038146973,16316500.0,10.79072093963623
2016-05-04,11.800000190734863,11.520000457763672,11.649999618530273,11.59000015258789,8674600.0,10.680142402648926
2016-05-05,11.739999771118164,11.399999618530273,11.670000076293945,11.449999809265137,8975400.0,10.551131248474121
2016-05-06,11.640000343322754,11.369999885559082,11.399999618530273,11.59000015258789,8438300.0,10.680142402648926
2016-05-09,11.630000114440918,11.380000114440918,11.579999923706055,11.430000305175781,9548400.0,10.532703399658203
2016-05-10,11.720000267028809,11.40999984741211,11.479999542236328,11.609999656677246,14855000.0,10.698570251464844
2016-05-11,11.760000228881836,11.529999732971191,11.619999885559082,11.6899995803833,14228900.0,10.772292137145996
2016-05-12,11.800000190734863,11.449999809265137,11.779999732971191,11.5600004196167,12098300.0,10.652496337890625
2016-05-13,11.6899995803833,11.430000305175781,11.529999732971191,11.5,7605500.0,10.597206115722656
2016-05-16,11.680000305175781,11.489999771118164,11.529999732971191,11.640000343322754,6107900.0,10.726215362548828
2016-05-17,11.789999961853027,11.479999542236328,11.59000015258789,11.529999732971191,9530700.0,10.62485122680664
2016-05-18,11.680000305175781,11.470000267028809,11.579999923706055,11.569999694824219,7045400.0,10.661710739135742
2016-05-19,11.550000190734863,11.3100004196167,11.470000267028809,11.4399995803833,10828700.0,10.541915893554688
2016-05-20,11.680000305175781,11.399999618530273,11.479999542236328,11.65999984741211,10409100.0,10.744645118713379
2016-05-23,11.869999885559082,11.619999885559082,11.65999984741211,11.670000076293945,9389100.0,10.753860473632812
2016-05-24,11.930000305175781,11.619999885559082,11.680000305175781,11.90999984741211,8904000.0,10.975020408630371
2016-05-25,12.34000015258789,12.109999656677246,12.239999771118164,12.199999809265137,15239800.0,11.242253303527832
2016-05-26,13.149999618530273,12.449999809265137,12.5,13.039999961853027,29763800.0,12.01630973815918
2016-05-27,13.3100004196167,12.960000038146973,13.020000457763672,13.170000076293945,18881900.0,12.136103630065918
2016-05-31,13.380000114440918,13.069999694824219,13.119999885559082,13.380000114440918,22009800.0,12.329618453979492
2016-06-01,13.489999771118164,13.210000038146973,13.319999694824219,13.4399995803833,15232000.0,12.384908676147461
2016-06-02,13.649999618530273,13.380000114440918,13.390000343322754,13.539999961853027,13090900.0,12.477059364318848
2016-06-03,13.529999732971191,13.319999694824219,13.470000267028809,13.4399995803833,10880000.0,12.384908676147461
2016-06-06,13.699999809265137,13.430000305175781,13.430000305175781,13.670000076293945,8693900.0,12.714156150817871
2016-06-07,13.800000190734863,13.609999656677246,13.699999809265137,13.6899995803833,9551200.0,12.732758522033691
2016-06-08,13.899999618530273,13.65999984741211,13.6899995803833,13.869999885559082,9281700.0,12.900172233581543
2016-06-09,13.890000343322754,13.619999885559082,13.779999732971191,13.84000015258789,9412000.0,12.872268676757812
2016-06-10,13.720000267028809,13.390000343322754,13.710000038146973,13.5,10148000.0,12.55604362487793
2016-06-13,13.289999961853027,13.020000457763672,13.270000457763672,13.029999732971191,13612100.0,12.231253623962402
2016-06-14,13.199999809265137,12.890000343322754,13.010000228881836,13.050000190734863,11584300.0,12.250027656555176
2016-06-15,13.199999809265137,12.960000038146973,13.09000015258789,13.0,9813000.0,12.203091621398926
2016-06-16,13.020000457763672,12.710000038146973,12.9399995803833,12.979999542236328,8609900.0,12.184317588806152
2016-06-17,13.180000305175781,12.960000038146973,12.979999542236328,13.119999885559082,14437800.0,12.315736770629883
2016-06-20,13.380000114440918,13.0600004196167,13.279999732971191,13.069999694824219,12433400.0,12.26880168914795
2016-06-21,13.359999656677246,13.0600004196167,13.130000114440918,13.329999923706055,13198700.0,12.512864112854004
2016-06-22,12.970000267028809,12.600000381469727,12.8100004196167,12.609999656677246,18255600.0,11.83699893951416
2016-06-23,12.970000267028809,12.789999961853027,12.829999923706055,12.949999809265137,13354200.0,12.156156539916992
2016-06-24,12.630000114440918,12.149999618530273,12.40999984741211,12.260000228881836,19822700.0,11.508454322814941
2016-06-27,12.119999885559082,11.479999542236328,12.109999656677246,11.550000190734863,15065900.0,10.841979026794434
2016-06-28,11.800000190734863,11.510000228881836,11.670000076293945,11.789999961853027,15332900.0,11.067265510559082
2016-06-29,12.229999542236328,11.84000015258789,11.970000267028809,12.180000305175781,14196400.0,11.433359146118164
2016-06-30,12.550000190734863,12.140000343322754,12.270000457763672,12.550000190734863,14463700.0,11.780678749084473
2016-07-01,12.760000228881836,12.510000228881836,12.550000190734863,12.729999542236328,10889200.0,11.9496431350708
2016-07-05,12.710000038146973,12.260000228881836,12.619999885559082,12.359999656677246,9277500.0,11.602325439453125
2016-07-06,12.619999885559082,12.039999961853027,12.260000228881836,12.600000381469727,12005100.0,11.82761287689209
2016-07-07,12.880000114440918,12.59000015258789,12.65999984741211,12.850000381469727,13599200.0,12.062286376953125
2016-07-08,13.15999984741211,12.949999809265137,13.050000190734863,13.079999923706055,8603600.0,12.27818775177002
2016-07-11,13.300000190734863,13.029999732971191,13.170000076293945,13.15999984741211,9729600.0,12.35328483581543
2016-07-12,13.829999923706055,13.420000076293945,13.470000267028809,13.720000267028809,17162900.0,12.878955841064453
2016-07-13,13.850000381469727,13.630000114440918,13.729999542236328,13.8100004196167,9809500.0,12.96343994140625
2016-07-14,13.9399995803833,13.75,13.890000343322754,13.800000190734863,9378300.0,12.954052925109863
2016-07-15,13.930000305175781,13.770000457763672,13.890000343322754,13.850000381469727,10008700.0,13.000988006591797
2016-07-18,14.0,13.850000381469727,13.850000381469727,13.9399995803833,6628700.0,13.085468292236328
2016-07-19,14.109999656677246,13.920000076293945,13.930000305175781,14.050000190734863,11298800.0,13.188727378845215
2016-07-20,14.25,14.039999961853027,14.149999618530273,14.15999984741211,17222700.0,13.291985511779785
2016-07-21,14.180000305175781,13.930000305175781,14.130000114440918,14.0,18617700.0,13.141792297363281
2016-07-22,14.140000343322754,13.90999984741211,14.010000228881836,14.109999656677246,10287300.0,13.245047569274902
2016-07-25,14.199999809265137,14.09000015258789,14.100000381469727,14.15999984741211,6971300.0,13.291985511779785
2016-07-26,14.270000457763672,14.119999885559082,14.15999984741211,14.180000305175781,9362900.0,13.310757637023926
2016-07-27,14.260000228881836,13.899999618530273,14.260000228881836,13.989999771118164,17618100.0,13.132406234741211
2016-07-28,13.979999542236328,13.819999694824219,13.949999809265137,13.9399995803833,16140900.0,13.085468292236328
2016-07-29,14.130000114440918,13.789999961853027,13.90999984741211,14.010000228881836,15759100.0,13.151180267333984
2016-08-01,14.239999771118164,14.020000457763672,14.0600004196167,14.180000305175781,13847600.0,13.310757637023926
2016-08-02,14.180000305175781,13.850000381469727,13.920000076293945,14.0600004196167,10680600.0,13.198113441467285
2016-08-03,14.350000381469727,14.039999961853027,14.050000190734863,14.3100004196167,10143200.0,13.432787895202637
2016-08-04,14.380000114440918,14.100000381469727,14.329999923706055,14.149999618530273,14798500.0,13.282596588134766
2016-08-05,14.359999656677246,14.1899995803833,14.239999771118164,14.279999732971191,10185600.0,13.404627799987793
2016-08-08,14.34000015258789,14.199999809265137,14.300000190734863,14.260000228881836,11586400.0,13.385854721069336
2016-08-09,14.34000015258789,14.239999771118164,14.289999961853027,14.25,12412400.0,13.376466751098633
2016-08-10,14.300000190734863,14.140000343322754,14.279999732971191,14.1899995803833,11868700.0,13.320143699645996
2016-08-11,14.329999923706055,14.149999618530273,14.199999809265137,14.300000190734863,8149700.0,13.423401832580566
2016-08-12,14.380000114440918,14.25,14.289999961853027,14.279999732971191,9991300.0,13.404627799987793
2016-08-15,14.59000015258789,14.3100004196167,14.3100004196167,14.520000457763672,12748600.0,13.629916191101074
2016-08-16,14.520000457763672,14.380000114440918,14.460000038146973,14.40999984741211,9366400.0,13.52665901184082
2016-08-17,14.510000228881836,14.329999923706055,14.399999618530273,14.5,10371400.0,13.611141204833984
2016-08-18,14.600000381469727,14.460000038146973,14.520000457763672,14.510000228881836,9054600.0,13.620529174804688
2016-08-19,14.510000228881836,14.390000343322754,14.460000038146973,14.420000076293945,9503700.0,13.536046028137207
2016-08-22,14.390000343322754,14.260000228881836,14.359999656677246,14.369999885559082,13103100.0,13.48911190032959
2016-08-23,14.649999618530273,14.430000305175781,14.430000305175781,14.569999694824219,14074900.0,13.676851272583008
2016-08-24,14.729999542236328,14.390000343322754,14.670000076293945,14.399999618530273,19757300.0,13.517271995544434
2016-08-25,14.479999542236328,13.550000190734863,13.640000343322754,14.369999885559082,36143400.0,13.48911190032959
2016-08-26,14.6899995803833,14.369999885559082,14.369999885559082,14.390000343322754,15567800.0,13.507885932922363
2016-08-29,14.579999923706055,14.390000343322754,14.40999984741211,14.430000305175781,7986200.0,13.54543399810791
2016-08-30,14.460000038146973,14.279999732971191,14.430000305175781,14.380000114440918,10540800.0,13.498498916625977
2016-08-31,14.420000076293945,14.210000038146973,14.34000015258789,14.369999885559082,11282700.0,13.48911190032959
2016-09-01,14.5,14.279999732971191,14.390000343322754,14.5,10854000.0,13.611141204833984
2016-09-02,14.699999809265137,14.449999809265137,14.609999656677246,14.489999771118164,8327200.0,13.601754188537598
2016-09-06,14.670000076293945,14.529999732971191,14.539999961853027,14.630000114440918,7582500.0,13.733173370361328
2016-09-07,14.75,14.510000228881836,14.630000114440918,14.6899995803833,6809000.0,13.789495468139648
2016-09-08,14.6899995803833,14.550000190734863,14.600000381469727,14.630000114440918,10247600.0,13.733173370361328
2016-09-09,14.529999732971191,14.069999694824219,14.520000457763672,14.069999694824219,16645900.0,13.207499504089355
2016-09-12,14.569999694824219,13.779999732971191,13.850000381469727,14.489999771118164,15824300.0,13.722694396972656
2016-09-13,14.4399995803833,14.0600004196167,14.350000381469727,14.180000305175781,15057500.0,13.429109573364258
2016-09-14,14.350000381469727,14.09000015258789,14.180000305175781,14.270000457763672,8594800.0,13.514344215393066
2016-09-15,14.600000381469727,14.140000343322754,14.1899995803833,14.5,11822000.0,13.732163429260254
2016-09-16,14.800000190734863,14.489999771118164,14.739999771118164,14.529999732971191,18459500.0,13.760575294494629
2016-09-19,14.739999771118164,14.539999961853027,14.579999923706055,14.5600004196167,7976100.0,13.788987159729004
2016-09-20,14.670000076293945,14.520000457763672,14.640000343322754,14.539999961853027,8222200.0,13.77004623413086
2016-09-21,15.0,14.619999885559082,14.630000114440918,14.989999771118164,13734100.0,14.19621467590332
2016-09-22,15.170000076293945,14.930000305175781,14.979999542236328,15.119999885559082,9938700.0,14.319332122802734
2016-09-23,15.1899995803833,15.029999732971191,15.100000381469727,15.09000015258789,8102200.0,14.290921211242676
2016-09-26,15.119999885559082,14.930000305175781,15.0,15.020000457763672,7484500.0,14.224630355834961
2016-09-27,15.369999885559082,14.949999809265137,15.0,15.34000015258789,9061300.0,14.527681350708008
2016-09-28,15.489999771118164,15.170000076293945,15.399999618530273,15.489999771118164,9742200.0,14.66973876953125
2016-09-29,15.600000381469727,15.329999923706055,15.460000038146973,15.390000343322754,9794700.0,14.57503604888916
2016-09-30,15.729999542236328,15.4399995803833,15.470000267028809,15.529999732971191,11457300.0,14.707620620727539
2016-10-03,15.6899995803833,15.460000038146973,15.460000038146973,15.649999618530273,7281600.0,14.82126522064209
2016-10-04,15.739999771118164,15.270000457763672,15.680000305175781,15.359999656677246,12313900.0,14.546623229980469
2016-10-05,15.680000305175781,15.430000305175781,15.430000305175781,15.630000114440918,9081200.0,14.802326202392578
2016-10-06,15.630000114440918,15.420000076293945,15.630000114440918,15.600000381469727,5285900.0,14.77391529083252
2016-10-07,15.680000305175781,15.489999771118164,15.619999885559082,15.579999923706055,5458200.0,14.754974365234375
2016-10-10,15.880000114440918,15.59000015258789,15.6899995803833,15.59000015258789,7725100.0,14.764444351196289
2016-10-11,15.600000381469727,15.319999694824219,15.600000381469727,15.4399995803833,10650000.0,14.622387886047363
2016-10-12,15.5600004196167,15.3100004196167,15.479999542236328,15.350000381469727,10064100.0,14.537154197692871
2016-10-13,15.25,14.9399995803833,15.199999809265137,15.149999618530273,14423600.0,14.34774398803711
2016-10-14,15.0,14.479999542236328,14.630000114440918,14.479999542236328,23107500.0,13.713223457336426
2016-10-17,14.5600004196167,14.010000228881836,14.5,14.029999732971191,22058000.0,13.287052154541016
2016-10-18,14.420000076293945,14.09000015258789,14.1899995803833,14.210000038146973,12723600.0,13.457520484924316
2016-10-19,14.270000457763672,14.039999961853027,14.180000305175781,14.119999885559082,9918200.0,13.372285842895508
2016-10-20,14.170000076293945,13.979999542236328,14.079999923706055,14.100000381469727,6824000.0,13.353347778320312
2016-10-21,14.039999961853027,13.770000457763672,14.010000228881836,13.800000190734863,14610100.0,13.069232940673828
2016-10-24,13.970000267028809,13.829999923706055,13.859999656677246,13.970000267028809,9762500.0,13.230229377746582
2016-10-25,13.989999771118164,13.859999656677246,13.970000267028809,13.899999618530273,11069900.0,13.163935661315918
2016-10-26,14.069999694824219,13.84000015258789,13.850000381469727,13.90999984741211,17328500.0,13.173407554626465
2016-10-27,14.100000381469727,13.869999885559082,13.960000038146973,13.989999771118164,14106500.0,13.249171257019043
2016-10-28,14.1899995803833,13.9399995803833,13.9399995803833,14.09000015258789,15247800.0,13.34387493133545
2016-10-31,14.489999771118164,14.029999732971191,14.130000114440918,14.489999771118164,16364200.0,13.722694396972656
2016-11-01,14.5600004196167,14.119999885559082,14.510000228881836,14.350000381469727,25361500.0,13.590107917785645
2016-11-02,14.829999923706055,14.279999732971191,14.279999732971191,14.649999618530273,22285000.0,13.87421989440918
2016-11-03,14.880000114440918,14.510000228881836,14.670000076293945,14.539999961853027,10558900.0,13.77004623413086
2016-11-04,14.930000305175781,14.430000305175781,14.5,14.710000038146973,11832500.0,13.93104362487793
2016-11-07,15.149999618530273,14.890000343322754,14.899999618530273,15.050000190734863,9780800.0,14.253040313720703
2016-11-08,15.319999694824219,14.869999885559082,15.029999732971191,15.279999732971191,11638900.0,14.470857620239258
2016-11-09,15.710000038146973,14.989999771118164,15.069999694824219,15.569999694824219,16866900.0,14.745502471923828
2016-11-10,15.899999618530273,15.4399995803833,15.619999885559082,15.489999771118164,16182000.0,14.66973876953125
2016-11-11,15.829999923706055,15.359999656677246,15.399999618530273,15.819999694824219,10306800.0,14.98226547241211
2016-11-14,16.190000534057617,15.800000190734863,15.850000381469727,16.100000381469727,14448000.0,15.247438430786133
2016-11-15,16.06999969482422,15.819999694824219,15.960000038146973,15.869999885559082,14279400.0,15.029617309570312
2016-11-16,15.899999618530273,15.720000267028809,15.859999656677246,15.800000190734863,10129800.0,14.963323593139648
2016-11-17,15.960000038146973,15.819999694824219,15.859999656677246,15.890000343322754,9623300.0,15.048559188842773
2016-11-18,15.960000038146973,15.8100004196167,15.880000114440918,15.869999885559082,10878200.0,15.029617309570312
2016-11-21,16.06999969482422,15.930000305175781,15.9399995803833,16.0,10618300.0,15.152731895446777
2016-11-22,16.190000534057617,15.899999618530273,16.059999465942383,15.949999809265137,19634500.0,15.10538101196289
2016-11-23,15.720000267028809,14.779999732971191,15.350000381469727,14.869999885559082,23408600.0,14.082571029663086
2016-11-25,15.239999771118164,14.829999923706055,14.84000015258789,15.180000305175781,8875200.0,14.376154899597168
2016-11-28,15.199999809265137,15.0,15.0600004196167,15.079999923706055,12791800.0,14.281452178955078
2016-11-29,15.319999694824219,15.029999732971191,15.0600004196167,15.149999618530273,9762900.0,14.34774398803711
2016-11-30,15.529999732971191,15.109999656677246,15.170000076293945,15.399999618530273,15933300.0,14.584505081176758
2016-12-01,15.479999542236328,15.020000457763672,15.40999984741211,15.0600004196167,12821700.0,14.262510299682617
2016-12-02,15.300000190734863,15.020000457763672,15.029999732971191,15.119999885559082,8377100.0,14.319332122802734
2016-12-05,15.550000190734863,15.260000228881836,15.260000228881836,15.550000190734863,11538500.0,14.726563453674316
2016-12-06,15.640000343322754,15.460000038146973,15.510000228881836,15.600000381469727,6886900.0,14.77391529083252
2016-12-07,16.170000076293945,15.600000381469727,15.619999885559082,16.149999618530273,11679200.0,15.294788360595703
2016-12-08,16.25,16.100000381469727,16.139999389648438,16.15999984741211,9581900.0,15.304261207580566
2016-12-09,16.149999618530273,15.739999771118164,16.079999923706055,15.779999732971191,9865100.0,14.944382667541504
2016-12-12,15.84000015258789,15.40999984741211,15.40999984741211,15.829999923706055,12704700.0,15.118876457214355
2016-12-13,15.949999809265137,15.6899995803833,15.710000038146973,15.819999694824219,10979400.0,15.10932445526123
2016-12-14,15.899999618530273,15.529999732971191,15.770000457763672,15.609999656677246,10637800.0,14.908759117126465
2016-12-15,15.649999618530273,15.399999618530273,15.539999961853027,15.510000228881836,10122200.0,14.813250541687012
2016-12-16,15.539999961853027,15.050000190734863,15.470000267028809,15.050000190734863,19435800.0,14.373915672302246
2016-12-19,15.15999984741211,14.90999984741211,15.029999732971191,15.119999885559082,10344100.0,14.440771102905273
2016-12-20,15.220000267028809,15.0,15.15999984741211,15.079999923706055,12148600.0,14.402567863464355
2016-12-21,15.359999656677246,15.09000015258789,15.09000015258789,15.140000343322754,8133100.0,14.459872245788574
2016-12-22,15.270000457763672,14.9399995803833,15.220000267028809,15.140000343322754,7591700.0,14.459872245788574
2016-12-23,15.180000305175781,15.020000457763672,15.109999656677246,15.100000381469727,6292000.0,14.421669006347656
2016-12-27,15.239999771118164,15.130000114440918,15.140000343322754,15.210000038146973,4408500.0,14.526727676391602
2016-12-28,15.3100004196167,14.930000305175781,15.180000305175781,14.9399995803833,5175100.0,14.268855094909668
2016-12-29,15.039999961853027,14.869999885559082,14.930000305175781,14.9399995803833,4904600.0,14.268855094909668
2016-12-30,15.100000381469727,14.770000457763672,15.0,14.84000015258789,9187100.0,14.173349380493164
2017-01-03,15.140000343322754,14.619999885559082,14.949999809265137,14.850000381469727,12502200.0,14.182900428771973
2017-01-04,15.210000038146973,14.850000381469727,14.920000076293945,15.079999923706055,9127800.0,14.402567863464355
2017-01-05,15.15999984741211,14.899999618530273,15.100000381469727,15.069999694824219,13221100.0,14.39301586151123
2017-01-06,15.15999984741211,14.970000267028809,15.149999618530273,15.0,7494200.0,14.326162338256836
2017-01-09,15.09000015258789,14.670000076293945,14.979999542236328,14.680000305175781,12908400.0,14.020536422729492
2017-01-10,14.970000267028809,14.399999618530273,14.649999618530273,14.6899995803833,15888200.0,14.030088424682617
2017-01-11,14.970000267028809,14.619999885559082,14.710000038146973,14.9399995803833,15009300.0,14.268855094909668
2017-01-12,14.960000038146973,14.5600004196167,14.890000343322754,14.789999961853027,11507700.0,14.125595092773438
2017-01-13,14.9399995803833,14.6899995803833,14.789999961853027,14.770000457763672,9336200.0,14.10649299621582
2017-01-17,14.890000343322754,14.5600004196167,14.680000305175781,14.579999923706055,11973500.0,13.925028800964355
2017-01-18,14.699999809265137,14.5,14.609999656677246,14.579999923706055,13664400.0,13.925028800964355
2017-01-19,15.020000457763672,14.75,14.8100004196167,14.859999656677246,15081800.0,14.192451477050781
2017-01-20,14.989999771118164,14.600000381469727,14.960000038146973,14.729999542236328,14687000.0,14.068291664123535
2017-01-23,14.729999542236328,14.40999984741211,14.710000038146973,14.670000076293945,15250500.0,14.010986328125
2017-01-24,15.25,14.670000076293945,14.699999809265137,15.170000076293945,12369700.0,14.488524436950684
2017-01-25,15.350000381469727,15.119999885559082,15.260000228881836,15.1899995803833,16223300.0,14.5076265335083
2017-01-26,15.3100004196167,14.770000457763672,15.220000267028809,14.789999961853027,14419200.0,14.125595092773438
2017-01-27,15.109999656677246,14.779999732971191,14.829999923706055,14.800000190734863,14921400.0,14.135147094726562
2017-01-30,14.850000381469727,14.619999885559082,14.829999923706055,14.84000015258789,11239700.0,14.173349380493164
2017-01-31,15.109999656677246,14.569999694824219,14.770000457763672,15.050000190734863,14889600.0,14.373915672302246
2017-02-01,15.15999984741211,14.84000015258789,15.119999885559082,14.989999771118164,12433800.0,14.316611289978027
2017-02-02,15.220000267028809,14.869999885559082,14.890000343322754,15.210000038146973,15599600.0,14.526727676391602
2017-02-03,15.319999694824219,15.119999885559082,15.220000267028809,15.270000457763672,11659500.0,14.584033012390137
2017-02-06,15.300000190734863,15.09000015258789,15.170000076293945,15.260000228881836,7975400.0,14.574482917785645
2017-02-07,15.4399995803833,15.15999984741211,15.260000228881836,15.430000305175781,12330300.0,14.736845016479492
2017-02-08,15.640000343322754,15.390000343322754,15.40999984741211,15.510000228881836,13204300.0,14.813250541687012
2017-02-09,15.770000457763672,15.449999809265137,15.510000228881836,15.640000343322754,7709400.0,14.937411308288574
2017-02-10,15.739999771118164,15.550000190734863,15.649999618530273,15.720000267028809,10006400.0,15.01381778717041
2017-02-13,16.110000610351562,15.699999809265137,15.75,16.040000915527344,16142000.0,15.319442749023438
2017-02-14,16.40999984741211,15.949999809265137,15.960000038146973,16.059999465942383,17084000.0,15.338541984558105
2017-02-15,16.139999389648438,15.890000343322754,16.040000915527344,15.979999542236328,14448300.0,15.262136459350586
2017-02-16,16.030000686645508,15.890000343322754,15.989999771118164,15.920000076293945,12560000.0,15.204833030700684
2017-02-17,15.949999809265137,15.720000267028809,15.880000114440918,15.949999809265137,17366700.0,15.23348617553711
2017-02-21,16.219999313354492,15.930000305175781,15.930000305175781,16.1299991607666,17318100.0,15.405396461486816
2017-02-22,16.239999771118164,16.09000015258789,16.09000015258789,16.200000762939453,16654200.0,15.47225570678711
2017-02-23,17.799999237060547,16.479999542236328,16.510000228881836,17.600000381469727,37118800.0,16.809364318847656
2017-02-24,17.68000030517578,17.309999465942383,17.34000015258789,17.649999618530273,19816100.0,16.857114791870117
2017-02-27,17.809999465942383,17.479999542236328,17.649999618530273,17.649999618530273,12287500.0,16.857114791870117
2017-02-28,17.670000076293945,17.3700008392334,17.639999389648438,17.3700008392334,13940100.0,16.589698791503906
2017-03-01,17.709999084472656,17.450000762939453,17.649999618530273,17.6200008392334,9818700.0,16.82846450805664
2017-03-02,17.690000534057617,17.309999465942383,17.65999984741211,17.31999969482422,12229200.0,16.541942596435547
2017-03-03,17.399999618530273,17.1200008392334,17.299999237060547,17.350000381469727,14165500.0,16.570592880249023
2017-03-06,17.440000534057617,17.1299991607666,17.440000534057617,17.299999237060547,11163100.0,16.650182723999023
2017-03-07,17.420000076293945,17.049999237060547,17.270000457763672,17.270000457763672,11528000.0,16.621315002441406
2017-03-08,17.399999618530273,17.219999313354492,17.299999237060547,17.31999969482422,6745700.0,16.669437408447266
2017-03-09,17.420000076293945,17.18000030517578,17.25,17.360000610351562,8505400.0,16.70793342590332
2017-03-10,17.600000381469727,17.25,17.25,17.389999389648438,7840700.0,16.736804962158203
2017-03-13,17.489999771118164,17.350000381469727,17.40999984741211,17.489999771118164,6966600.0,16.833051681518555
2017-03-14,17.579999923706055,17.40999984741211,17.459999084472656,17.469999313354492,6334400.0,16.813800811767578
2017-03-15,17.649999618530273,17.280000686645508,17.440000534057617,17.56999969482422,13418100.0,16.910043716430664
2017-03-16,17.709999084472656,17.479999542236328,17.600000381469727,17.649999618530273,9144000.0,16.98703956604004
2017-03-17,17.700000762939453,17.559999465942383,17.649999618530273,17.559999465942383,14282500.0,16.900421142578125
2017-03-20,17.68000030517578,17.520000457763672,17.56999969482422,17.559999465942383,8847800.0,16.900421142578125
2017-03-21,17.690000534057617,17.149999618530273,17.6200008392334,17.149999618530273,11252300.0,16.505823135375977
2017-03-22,17.299999237060547,17.100000381469727,17.219999313354492,17.229999542236328,10654600.0,16.582815170288086
2017-03-23,17.3799991607666,17.139999389648438,17.229999542236328,17.209999084472656,9156900.0,16.563568115234375
2017-03-24,17.399999618530273,17.1299991607666,17.280000686645508,17.229999542236328,6633800.0,16.582815170288086
2017-03-27,17.309999465942383,17.030000686645508,17.09000015258789,17.200000762939453,5698100.0,16.553943634033203
2017-03-28,17.40999984741211,17.200000762939453,17.229999542236328,17.260000228881836,8741700.0,16.611690521240234
2017-03-29,17.3799991607666,17.170000076293945,17.200000762939453,17.260000228881836,5477400.0,16.611690521240234
2017-03-30,17.690000534057617,17.219999313354492,17.25,17.649999618530273,10806000.0,16.98703956604004
2017-03-31,17.959999084472656,17.559999465942383,17.610000610351562,17.8799991607666,19240600.0,17.208398818969727
2017-04-03,17.950000762939453,17.43000030517578,17.93000030517578,17.59000015258789,10538200.0,16.92929458618164
2017-04-04,17.739999771118164,17.5,17.520000457763672,17.719999313354492,6781100.0,17.054410934448242
2017-04-05,17.940000534057617,17.600000381469727,17.799999237060547,17.690000534057617,10310700.0,17.02553939819336
2017-04-06,17.719999313354492,17.43000030517578,17.690000534057617,17.559999465942383,8368700.0,16.900421142578125
2017-04-07,17.6299991607666,17.280000686645508,17.540000915527344,17.3700008392334,13464900.0,16.717559814453125
2017-04-10,17.540000915527344,17.290000915527344,17.399999618530273,17.360000610351562,6694100.0,16.70793342590332
2017-04-11,17.549999237060547,17.290000915527344,17.399999618530273,17.540000915527344,14400800.0,16.881174087524414
2017-04-12,18.3700008392334,17.850000381469727,18.3700008392334,18.020000457763672,19363900.0,17.343143463134766
2017-04-13,18.350000381469727,17.940000534057617,17.989999771118164,18.200000762939453,12854100.0,17.516382217407227
2017-04-17,18.31999969482422,18.06999969482422,18.170000076293945,18.200000762939453,8213800.0,17.516382217407227
2017-04-18,18.360000610351562,18.079999923706055,18.209999084472656,18.219999313354492,10177100.0,17.535629272460938
2017-04-19,18.610000610351562,18.299999237060547,18.420000076293945,18.3799991607666,12352000.0,17.689619064331055
2017-04-20,18.56999969482422,18.290000915527344,18.440000534057617,18.520000457763672,6785500.0,17.824363708496094
2017-04-21,18.520000457763672,18.270000457763672,18.510000228881836,18.290000915527344,9953200.0,17.603004455566406
2017-04-24,18.600000381469727,18.360000610351562,18.520000457763672,18.540000915527344,8054600.0,17.843612670898438
2017-04-25,18.709999084472656,18.489999771118164,18.56999969482422,18.610000610351562,10425800.0,17.910982131958008
2017-04-26,18.739999771118164,18.420000076293945,18.5,18.6299991607666,7950700.0,17.93022918701172
2017-04-27,18.829999923706055,18.639999389648438,18.700000762939453,18.770000457763672,9193700.0,18.064971923828125
2017-04-28,18.829999923706055,18.520000457763672,18.739999771118164,18.81999969482422,7946700.0,18.113094329833984
2017-05-01,19.0,18.799999237060547,18.850000381469727,18.93000030517578,7958600.0,18.218961715698242
2017-05-02,19.030000686645508,18.809999465942383,18.989999771118164,18.899999618530273,11526600.0,18.19009017944336
2017-05-03,18.90999984741211,18.739999771118164,18.84000015258789,18.809999465942383,6996200.0,18.10346794128418
2017-05-04,18.8799991607666,18.690000534057617,18.84000015258789,18.790000915527344,7204800.0,18.084224700927734
2017-05-05,18.920000076293945,18.709999084472656,18.829999923706055,18.90999984741211,11898000.0,18.1997127532959
2017-05-08,19.389999389648438,18.889999389648438,18.90999984741211,19.309999465942383,10053200.0,18.584688186645508
2017-05-09,19.34000015258789,19.170000076293945,19.34000015258789,19.239999771118164,6673600.0,18.517318725585938
2017-05-10,19.3700008392334,19.15999984741211,19.25,19.360000610351562,7252400.0,18.6328125
2017-05-11,19.350000381469727,19.170000076293945,19.309999465942383,19.260000228881836,8233400.0,18.53656578063965
2017-05-12,19.420000076293945,19.1299991607666,19.25,19.299999237060547,6417200.0,18.575063705444336
2017-05-15,19.420000076293945,19.309999465942383,19.350000381469727,19.360000610351562,7176600.0,18.6328125
2017-05-16,19.489999771118164,19.229999542236328,19.420000076293945,19.469999313354492,7350400.0,18.738679885864258
2017-05-17,19.469999313354492,18.940000534057617,19.469999313354492,18.959999084472656,11096500.0,18.247833251953125
2017-05-18,18.889999389648438,18.649999618530273,18.8700008392334,18.780000686645508,14280900.0,18.07459831237793
2017-05-19,19.079999923706055,18.809999465942383,18.860000610351562,19.0,8049900.0,18.286331176757812
2017-05-22,19.149999618530273,18.860000610351562,19.079999923706055,19.110000610351562,9759400.0,18.392202377319336
2017-05-23,19.139999389648438,18.809999465942383,19.139999389648438,18.959999084472656,7834800.0,18.247833251953125
2017-05-24,19.190000534057617,18.90999984741211,19.020000457763672,19.010000228881836,12740100.0,18.295957565307617
2017-05-25,19.579999923706055,18.260000228881836,19.56999969482422,18.3700008392334,21296500.0,17.679996490478516
2017-05-26,18.540000915527344,18.209999084472656,18.270000457763672,18.469999313354492,14526000.0,17.7762393951416
2017-05-30,19.030000686645508,18.420000076293945,18.43000030517578,18.940000534057617,16424300.0,18.228586196899414
2017-05-31,18.979999542236328,18.719999313354492,18.950000762939453,18.760000228881836,12234100.0,18.05534553527832
2017-06-01,18.950000762939453,18.59000015258789,18.739999771118164,18.950000762939453,8340300.0,18.238210678100586
2017-06-02,19.15999984741211,18.93000030517578,18.969999313354492,18.979999542236328,9262100.0,18.2670841217041
2017-06-05,18.959999084472656,18.729999542236328,18.940000534057617,18.799999237060547,8274500.0,18.093841552734375
2017-06-06,18.799999237060547,18.239999771118164,18.790000915527344,18.260000228881836,22009800.0,17.574129104614258
2017-06-07,18.420000076293945,18.149999618530273,18.350000381469727,18.239999771118164,12448700.0,17.55487823486328
2017-06-08,18.309999465942383,18.100000381469727,18.239999771118164,18.280000686645508,12067900.0,17.59337615966797
2017-06-09,18.329999923706055,17.600000381469727,18.290000915527344,17.799999237060547,16228700.0,17.131404876708984
2017-06-12,17.760000228881836,17.43000030517578,17.610000610351562,17.760000228881836,12527200.0,17.221296310424805
2017-06-13,17.940000534057617,17.68000030517578,17.81999969482422,17.739999771118164,9036400.0,17.201902389526367
2017-06-14,17.75,17.280000686645508,17.670000076293945,17.399999618530273,8743100.0,16.87221336364746
2017-06-15,17.389999389648438,17.15999984741211,17.280000686645508,17.270000457763672,8765900.0,16.746156692504883
2017-06-16,17.450000762939453,17.139999389648438,17.239999771118164,17.350000381469727,14634800.0,16.82373046875
2017-06-19,17.75,17.389999389648438,17.420000076293945,17.690000534057617,10306300.0,17.153419494628906
2017-06-20,17.959999084472656,17.639999389648438,17.68000030517578,17.829999923706055,16282800.0,17.289169311523438
2017-06-21,17.84000015258789,17.540000915527344,17.829999923706055,17.709999084472656,14704800.0,17.172809600830078
2017-06-22,17.790000915527344,17.59000015258789,17.690000534057617,17.709999084472656,11064600.0,17.172809600830078
2017-06-23,17.8700008392334,17.559999465942383,17.709999084472656,17.799999237060547,14051500.0,17.260080337524414
2017-06-26,18.25,17.889999389648438,17.889999389648438,18.15999984741211,14175300.0,17.609161376953125
2017-06-27,18.18000030517578,17.770000457763672,18.100000381469727,17.770000457763672,8303900.0,17.23099136352539
2017-06-28,18.110000610351562,17.790000915527344,17.8799991607666,18.030000686645508,6161100.0,17.483104705810547
2017-06-29,17.989999771118164,17.43000030517578,17.920000076293945,17.56999969482422,9018300.0,17.037057876586914
2017-06-30,17.709999084472656,17.450000762939453,17.65999984741211,17.479999542236328,8935300.0,16.949787139892578
2017-07-03,17.75,17.540000915527344,17.59000015258789,17.559999465942383,4312600.0,17.027360916137695
2017-07-05,17.719999313354492,17.459999084472656,17.56999969482422,17.649999618530273,13992300.0,17.1146297454834
2017-07-06,17.6200008392334,17.100000381469727,17.579999923706055,17.190000534057617,11986400.0,16.6685848236084
2017-07-07,17.3799991607666,17.170000076293945,17.25,17.350000381469727,8241000.0,16.82373046875
2017-07-10,17.889999389648438,17.450000762939453,17.530000686645508,17.8700008392334,9820100.0,17.327959060668945
2017-07-11,18.1200008392334,17.780000686645508,17.829999923706055,17.940000534057617,12040600.0,17.395835876464844
2017-07-12,18.229999542236328,17.8799991607666,18.079999923706055,18.040000915527344,10146000.0,17.492801666259766
2017-07-13,18.15999984741211,17.950000762939453,18.020000457763672,18.079999923706055,9397000.0,17.531585693359375
2017-07-14,18.489999771118164,18.09000015258789,18.09000015258789,18.420000076293945,8174800.0,17.86127471923828
2017-07-17,18.5,18.25,18.420000076293945,18.469999313354492,9070600.0,17.909757614135742
2017-07-18,18.510000228881836,18.270000457763672,18.450000762939453,18.389999389648438,5426100.0,17.83218765258789
2017-07-19,18.700000762939453,18.360000610351562,18.420000076293945,18.700000762939453,10808600.0,18.132781982421875
2017-07-20,19.059999465942383,18.75,18.940000534057617,18.940000534057617,11180800.0,18.365503311157227
2017-07-21,19.239999771118164,18.850000381469727,18.940000534057617,19.149999618530273,9235800.0,18.56913185119629
2017-07-24,19.389999389648438,19.100000381469727,19.1200008392334,19.239999771118164,8144800.0,18.656400680541992
2017-07-25,19.579999923706055,19.110000610351562,19.270000457763672,19.40999984741211,9266600.0,18.821245193481445
2017-07-26,19.469999313354492,19.18000030517578,19.440000534057617,19.260000228881836,8027800.0,18.675796508789062
2017-07-27,19.450000762939453,18.81999969482422,19.329999923706055,19.209999084472656,14731900.0,18.627309799194336
2017-07-28,19.209999084472656,18.81999969482422,19.09000015258789,19.170000076293945,5898300.0,18.588525772094727
2017-07-31,19.31999969482422,19.049999237060547,19.200000762939453,19.100000381469727,12771600.0,18.520648956298828
2017-08-01,19.18000030517578,18.959999084472656,19.139999389648438,19.139999389648438,6530100.0,18.55943489074707
2017-08-02,19.209999084472656,18.8700008392334,19.190000534057617,19.100000381469727,10780700.0,18.520648956298828
2017-08-03,19.360000610351562,19.0,19.100000381469727,19.360000610351562,14994500.0,18.772764205932617
2017-08-04,19.579999923706055,19.270000457763672,19.329999923706055,19.3700008392334,9122500.0,18.782459259033203
2017-08-07,19.399999618530273,19.25,19.3700008392334,19.31999969482422,9191700.0,18.73397445678711
2017-08-08,19.479999542236328,19.200000762939453,19.299999237060547,19.31999969482422,11560500.0,18.73397445678711
2017-08-09,19.34000015258789,19.09000015258789,19.219999313354492,19.31999969482422,7843800.0,18.73397445678711
2017-08-10,19.270000457763672,18.8799991607666,19.219999313354492,18.899999618530273,13284600.0,18.32671546936035
2017-08-11,19.100000381469727,18.850000381469727,18.940000534057617,18.899999618530273,6609900.0,18.32671546936035
2017-08-14,19.200000762939453,19.020000457763672,19.06999969482422,19.100000381469727,7603100.0,18.520648956298828
2017-08-15,19.1200008392334,18.860000610351562,19.010000228881836,19.040000915527344,9246000.0,18.46246910095215
2017-08-16,19.06999969482422,18.8700008392334,18.979999542236328,18.969999313354492,9583100.0,18.394590377807617
2017-08-17,19.079999923706055,18.6299991607666,18.8799991607666,18.639999389648438,9282800.0,18.074602127075195
2017-08-18,18.649999618530273,18.360000610351562,18.600000381469727,18.510000228881836,11687300.0,17.948545455932617
2017-08-21,18.65999984741211,18.40999984741211,18.479999542236328,18.56999969482422,6919100.0,18.006725311279297
2017-08-22,19.100000381469727,18.59000015258789,18.6299991607666,19.020000457763672,8432000.0,18.44307518005371
2017-08-23,19.049999237060547,18.799999237060547,19.040000915527344,18.860000610351562,15066900.0,18.28792953491211
2017-08-24,19.780000686645508,18.829999923706055,18.829999923706055,19.40999984741211,27375500.0,18.821245193481445
2017-08-25,19.639999389648438,19.309999465942383,19.540000915527344,19.309999465942383,13592900.0,18.72427749633789
2017-08-28,19.5,19.079999923706055,19.350000381469727,19.18000030517578,13044000.0,18.598222732543945
2017-08-29,19.25,18.959999084472656,19.040000915527344,19.209999084472656,9552900.0,18.627309799194336
2017-08-30,19.25,19.059999465942383,19.200000762939453,19.170000076293945,7959500.0,18.588525772094727
2017-08-31,19.299999237060547,19.010000228881836,19.260000228881836,19.079999923706055,10435400.0,18.50125503540039
2017-09-01,19.489999771118164,19.06999969482422,19.079999923706055,19.360000610351562,7550900.0,18.772764205932617
2017-09-05,19.34000015258789,19.100000381469727,19.280000686645508,19.239999771118164,12082800.0,18.656400680541992
2017-09-06,19.479999542236328,19.270000457763672,19.34000015258789,19.3700008392334,11645100.0,18.782459259033203
2017-09-07,19.3799991607666,19.200000762939453,19.350000381469727,19.280000686645508,5716400.0,18.6951904296875
2017-09-08,19.260000228881836,19.079999923706055,19.229999542236328,19.1200008392334,6496700.0,18.540042877197266
2017-09-11,19.399999618530273,19.229999542236328,19.260000228881836,19.31999969482422,7335300.0,18.73397445678711
2017-09-12,19.5,19.260000228881836,19.290000915527344,19.479999542236328,7431400.0,19.019758224487305
2017-09-13,19.3700008392334,19.100000381469727,19.3700008392334,19.280000686645508,7965000.0,18.824487686157227
2017-09-14,19.489999771118164,19.1200008392334,19.200000762939453,19.459999084472656,9665600.0,19.000232696533203
2017-09-15,19.549999237060547,19.31999969482422,19.450000762939453,19.469999313354492,12790700.0,19.00999641418457
2017-09-18,19.709999084472656,19.43000030517578,19.520000457763672,19.59000015258789,6414500.0,19.12716293334961
2017-09-19,19.6200008392334,19.350000381469727,19.610000610351562,19.489999771118164,5527700.0,19.029525756835938
2017-09-20,19.600000381469727,19.420000076293945,19.479999542236328,19.600000381469727,7007700.0,19.136924743652344
2017-09-21,19.780000686645508,19.540000915527344,19.549999237060547,19.770000457763672,7539400.0,19.302907943725586
2017-09-22,19.950000762939453,19.649999618530273,19.68000030517578,19.940000534057617,6778200.0,19.46889305114746
2017-09-25,19.969999313354492,19.68000030517578,19.84000015258789,19.850000381469727,9339000.0,19.381017684936523
2017-09-26,20.1299991607666,19.770000457763672,19.770000457763672,19.8799991607666,16565000.0,19.410308837890625
2017-09-27,20.020000457763672,19.760000228881836,19.889999389648438,19.8700008392334,11022900.0,19.40054702758789
2017-09-28,20.040000915527344,19.8700008392334,19.8700008392334,19.969999313354492,8094900.0,19.498184204101562
2017-09-29,20.110000610351562,19.940000534057617,20.0,19.959999084472656,6704600.0,19.488418579101562
2017-10-02,20.229999542236328,19.940000534057617,19.940000534057617,20.1200008392334,8307900.0,19.644641876220703
2017-10-03,20.209999084472656,20.020000457763672,20.049999237060547,20.09000015258789,6592800.0,19.615346908569336
2017-10-04,20.34000015258789,20.030000686645508,20.059999465942383,20.260000228881836,7003400.0,19.781330108642578
2017-10-05,20.420000076293945,20.170000076293945,20.170000076293945,20.350000381469727,11265300.0,19.86920738220215
2017-10-06,20.610000610351562,20.200000762939453,20.200000762939453,20.579999923706055,10614200.0,20.09377098083496
2017-10-09,20.729999542236328,20.549999237060547,20.639999389648438,20.56999969482422,5614600.0,20.084007263183594
2017-10-10,20.6200008392334,20.420000076293945,20.6200008392334,20.56999969482422,6676500.0,20.084007263183594
2017-10-11,20.719999313354492,20.290000915527344,20.56999969482422,20.40999984741211,8402000.0,19.92778778076172
2017-10-12,20.469999313354492,20.25,20.350000381469727,20.399999618530273,9084900.0,19.91802406311035
2017-10-13,22.0,20.950000762939453,20.950000762939453,21.709999084472656,27016700.0,21.197072982788086
2017-10-16,21.8700008392334,21.68000030517578,21.770000457763672,21.790000915527344,9645900.0,21.275182723999023
2017-10-17,21.850000381469727,21.459999084472656,21.770000457763672,21.549999237060547,7137000.0,21.04085350036621
2017-10-18,22.079999923706055,21.670000076293945,21.739999771118164,21.719999313354492,7610600.0,21.206838607788086
2017-10-19,21.969999313354492,21.510000228881836,21.639999389648438,21.959999084472656,10247700.0,21.441165924072266
2017-10-20,22.15999984741211,21.899999618530273,22.030000686645508,22.020000457763672,8621000.0,21.499752044677734
2017-10-23,22.309999465942383,22.100000381469727,22.149999618530273,22.1200008392334,8678400.0,21.597389221191406
2017-10-24,22.209999084472656,21.940000534057617,22.110000610351562,21.950000762939453,8226000.0,21.43140411376953
2017-10-25,21.940000534057617,21.649999618530273,21.8700008392334,21.670000076293945,13378000.0,21.158018112182617
2017-10-26,21.90999984741211,21.469999313354492,21.780000686645508,21.520000457763672,17010000.0,21.01156234741211
2017-10-27,21.65999984741211,21.31999969482422,21.610000610351562,21.5,20420300.0,20.992034912109375
2017-10-30,21.530000686645508,21.31999969482422,21.469999313354492,21.389999389648438,7459200.0,20.884632110595703
2017-10-31,21.709999084472656,21.43000030517578,21.43000030517578,21.549999237060547,9732500.0,21.04085350036621
2017-11-01,21.639999389648438,21.389999389648438,21.600000381469727,21.469999313354492,8813700.0,20.962743759155273
2017-11-02,21.559999465942383,21.06999969482422,21.3799991607666,21.440000534057617,14764900.0,20.933452606201172
2017-11-03,21.549999237060547,21.329999923706055,21.5,21.469999313354492,7709600.0,20.962743759155273
2017-11-06,21.530000686645508,21.3799991607666,21.469999313354492,21.440000534057617,13309000.0,20.933452606201172
2017-11-07,21.469999313354492,21.31999969482422,21.469999313354492,21.3799991607666,6245500.0,20.87487030029297
2017-11-08,21.469999313354492,21.239999771118164,21.34000015258789,21.420000076293945,6061800.0,20.913925170898438
2017-11-09,21.399999618530273,21.149999618530273,21.270000457763672,21.34000015258789,5844700.0,20.835817337036133
2017-11-10,21.309999465942383,21.139999389648438,21.25,21.229999542236328,6276700.0,20.728412628173828
2017-11-13,21.329999923706055,21.149999618530273,21.229999542236328,21.170000076293945,4921900.0,20.669832229614258
2017-11-14,21.450000762939453,20.989999771118164,21.100000381469727,21.360000610351562,11628100.0,20.855342864990234
2017-11-15,21.530000686645508,21.239999771118164,21.309999465942383,21.360000610351562,12655200.0,20.855342864990234
2017-11-16,21.75,21.40999984741211,21.43000030517578,21.56999969482422,9562200.0,21.060380935668945
2017-11-17,21.8700008392334,21.450000762939453,21.510000228881836,21.75,10639900.0,21.236127853393555
2017-11-20,22.280000686645508,21.770000457763672,21.809999465942383,22.1200008392334,11871800.0,21.597389221191406
2017-11-21,22.68000030517578,22.299999237060547,22.34000015258789,22.459999084472656,17552900.0,21.929351806640625
2017-11-22,21.530000686645508,20.59000015258789,21.0,21.34000015258789,28424700.0,20.835817337036133
2017-11-24,21.520000457763672,20.989999771118164,21.440000534057617,21.239999771118164,9657900.0,20.73818016052246
2017-11-27,21.329999923706055,20.959999084472656,21.170000076293945,21.25,15350100.0,20.747941970825195
2017-11-28,21.68000030517578,21.149999618530273,21.270000457763672,21.65999984741211,10376700.0,21.14825439453125
2017-11-29,21.969999313354492,21.350000381469727,21.739999771118164,21.43000030517578,12113500.0,20.923690795898438
2017-11-30,21.780000686645508,21.309999465942383,21.489999771118164,21.450000762939453,13922800.0,20.943220138549805
2017-12-01,21.59000015258789,20.969999313354492,21.3799991607666,21.40999984741211,9909900.0,20.90416145324707
2017-12-04,21.729999542236328,21.040000915527344,21.459999084472656,21.079999923706055,12975500.0,20.581958770751953
2017-12-05,21.25,21.020000457763672,21.18000030517578,21.06999969482422,9209200.0,20.57219696044922
2017-12-06,21.149999618530273,20.8799991607666,21.079999923706055,21.020000457763672,10032100.0,20.52337646484375
2017-12-07,21.139999389648438,20.920000076293945,21.040000915527344,20.969999313354492,8450900.0,20.47455596923828
2017-12-08,21.1200008392334,20.860000610351562,21.049999237060547,21.06999969482422,13822000.0,20.57219696044922
2017-12-11,21.360000610351562,20.93000030517578,20.969999313354492,21.299999237060547,7730600.0,20.79676055908203
2017-12-12,21.200000762939453,20.8700008392334,21.020000457763672,20.979999542236328,7174800.0,20.61916732788086
2017-12-13,20.979999542236328,20.760000228881836,20.940000534057617,20.850000381469727,9156700.0,20.491403579711914
2017-12-14,20.899999618530273,20.729999542236328,20.81999969482422,20.739999771118164,8161000.0,20.3832950592041
2017-12-15,21.0,20.65999984741211,20.8799991607666,20.920000076293945,19023000.0,20.560199737548828
2017-12-18,21.34000015258789,20.989999771118164,21.0,21.290000915527344,12155700.0,20.923837661743164
2017-12-19,21.6200008392334,21.239999771118164,21.3700008392334,21.420000076293945,9773100.0,21.05160140991211
2017-12-20,21.600000381469727,21.290000915527344,21.5,21.459999084472656,7347300.0,21.090911865234375
2017-12-21,21.579999923706055,21.229999542236328,21.510000228881836,21.25,8742400.0,20.884523391723633
2017-12-22,21.34000015258789,21.149999618530273,21.25,21.260000228881836,4100000.0,20.89435386657715
2017-12-26,21.309999465942383,21.1299991607666,21.1299991607666,21.229999542236328,3014800.0,20.864866256713867
2017-12-27,21.290000915527344,21.100000381469727,21.149999618530273,21.270000457763672,7605400.0,20.9041805267334
2017-12-28,21.299999237060547,21.06999969482422,21.219999313354492,21.149999618530273,5214100.0,20.786245346069336
2017-12-29,21.280000686645508,21.010000228881836,21.170000076293945,21.010000228881836,5204300.0,20.648651123046875
2018-01-02,21.329999923706055,21.0,21.18000030517578,21.31999969482422,6457300.0,20.95332145690918
2018-01-03,21.5,21.239999771118164,21.309999465942383,21.3700008392334,5957700.0,21.002460479736328
2018-01-04,21.639999389648438,21.329999923706055,21.399999618530273,21.530000686645508,7653900.0,21.159709930419922
2018-01-05,21.770000457763672,21.290000915527344,21.610000610351562,21.75,6750700.0,21.375925064086914
2018-01-08,21.8799991607666,21.59000015258789,21.780000686645508,21.84000015258789,5769600.0,21.46437644958496
2018-01-09,21.950000762939453,21.719999313354492,21.790000915527344,21.809999465942383,7859500.0,21.434892654418945
2018-01-10,22.139999389648438,21.68000030517578,21.68000030517578,22.049999237060547,8443300.0,21.670764923095703
2018-01-11,22.420000076293945,22.059999465942383,22.079999923706055,22.40999984741211,8355800.0,22.024572372436523
2018-01-12,22.969999313354492,22.450000762939453,22.479999542236328,22.920000076293945,8821800.0,22.525802612304688
2018-01-16,23.110000610351562,22.75,23.049999237060547,22.8799991607666,9311600.0,22.48649024963379
2018-01-17,23.489999771118164,22.65999984741211,22.700000762939453,23.459999084472656,11149900.0,23.0565128326416
2018-01-18,23.56999969482422,23.25,23.43000030517578,23.290000915527344,12277300.0,22.88943862915039
2018-01-19,23.790000915527344,23.420000076293945,23.43000030517578,23.700000762939453,11551400.0,23.292387008666992
2018-01-22,23.959999084472656,23.530000686645508,23.68000030517578,23.850000381469727,9150800.0,23.439807891845703
2018-01-23,23.860000610351562,23.360000610351562,23.43000030517578,23.809999465942383,7840100.0,23.400493621826172
2018-01-24,24.0,23.540000915527344,23.889999389648438,23.65999984741211,6781500.0,23.253074645996094
2018-01-25,23.84000015258789,23.299999237060547,23.770000457763672,23.31999969482422,7273800.0,22.918922424316406
2018-01-26,23.920000076293945,23.540000915527344,23.540000915527344,23.90999984741211,8113300.0,23.498775482177734
2018-01-29,24.100000381469727,23.709999084472656,24.100000381469727,23.809999465942383,7036500.0,23.400493621826172
2018-01-30,23.760000228881836,23.290000915527344,23.639999389648438,23.440000534057617,7973400.0,23.0368595123291
2018-01-31,23.739999771118164,23.290000915527344,23.559999465942383,23.31999969482422,13704700.0,22.918922424316406
2018-02-01,23.479999542236328,23.139999389648438,23.219999313354492,23.299999237060547,7317600.0,22.89926528930664
2018-02-02,23.190000534057617,22.469999313354492,23.079999923706055,22.479999542236328,9163100.0,22.09337043762207
2018-02-05,22.559999465942383,21.280000686645508,22.31999969482422,21.290000915527344,13314200.0,20.923837661743164
2018-02-06,21.489999771118164,20.010000228881836,20.649999618530273,21.43000030517578,20439900.0,21.061429977416992
2018-02-07,21.530000686645508,21.049999237060547,21.360000610351562,21.209999084472656,11839000.0,20.845211029052734
2018-02-08,21.34000015258789,19.90999984741211,21.270000457763672,19.920000076293945,16750600.0,19.5773983001709
2018-02-09,20.309999465942383,19.309999465942383,20.209999084472656,20.110000610351562,13216400.0,19.764131546020508
2018-02-12,20.6299991607666,20.139999389648438,20.290000915527344,20.40999984741211,12507900.0,20.058971405029297
2018-02-13,20.65999984741211,20.299999237060547,20.299999237060547,20.579999923706055,11648700.0,20.22604751586914
2018-02-14,21.350000381469727,20.350000381469727,20.440000534057617,21.290000915527344,12152400.0,20.923837661743164
2018-02-15,21.530000686645508,20.950000762939453,21.479999542236328,21.450000762939453,8133700.0,21.081087112426758
2018-02-16,21.709999084472656,21.329999923706055,21.399999618530273,21.399999618530273,6082200.0,21.031944274902344
2018-02-20,21.59000015258789,21.229999542236328,21.270000457763672,21.389999389648438,8085400.0,21.022113800048828
2018-02-21,21.739999771118164,21.170000076293945,21.450000762939453,21.170000076293945,7528200.0,20.80590057373047
2018-02-22,21.639999389648438,21.25,21.260000228881836,21.389999389648438,10726200.0,21.022113800048828
2018-02-23,23.219999313354492,22.0,22.75,22.1299991607666,22297300.0,21.749387741088867
2018-02-26,23.549999237060547,22.549999237060547,22.549999237060547,23.459999084472656,21393900.0,23.0565128326416
2018-02-27,23.829999923706055,23.260000228881836,23.3700008392334,23.520000457763672,15105700.0,23.115482330322266
2018-02-28,23.899999618530273,23.389999389648438,23.670000076293945,23.389999389648438,13425900.0,22.98771858215332
2018-03-01,23.790000915527344,23.020000457763672,23.469999313354492,23.350000381469727,12042400.0,22.948406219482422
2018-03-02,23.6299991607666,23.079999923706055,23.229999542236328,23.56999969482422,10112600.0,23.164623260498047
2018-03-05,23.8799991607666,23.34000015258789,23.459999084472656,23.690000534057617,10034100.0,23.28255844116211
2018-03-06,24.149999618530273,23.719999313354492,23.799999237060547,23.950000762939453,9878100.0,23.538087844848633
2018-03-07,24.139999389648438,23.700000762939453,23.75,24.040000915527344,8420600.0,23.626541137695312
2018-03-08,24.239999771118164,23.75,24.149999618530273,23.950000762939453,7113300.0,23.538087844848633
2018-03-09,24.75,24.0,24.059999465942383,24.649999618530273,12892400.0,24.226049423217773
2018-03-12,24.690000534057617,23.81999969482422,24.690000534057617,23.829999923706055,19626700.0,23.420150756835938
2018-03-13,24.010000228881836,23.549999237060547,23.790000915527344,23.6200008392334,16955600.0,23.350257873535156
2018-03-14,23.809999465942383,23.280000686645508,23.790000915527344,23.479999542236328,9305400.0,23.211856842041016
2018-03-15,23.639999389648438,23.3700008392334,23.549999237060547,23.479999542236328,10320200.0,23.211856842041016
2018-03-16,23.81999969482422,23.489999771118164,23.56999969482422,23.510000228881836,20052900.0,23.241514205932617
2018-03-19,23.479999542236328,23.010000228881836,23.450000762939453,23.200000762939453,9930800.0,22.935054779052734
2018-03-20,23.559999465942383,23.219999313354492,23.25,23.280000686645508,8403100.0,23.014141082763672
2018-03-21,23.56999969482422,23.18000030517578,23.260000228881836,23.280000686645508,6337600.0,23.014141082763672
2018-03-22,23.100000381469727,22.43000030517578,23.040000915527344,22.469999313354492,13453500.0,22.213390350341797
2018-03-23,22.530000686645508,21.829999923706055,22.510000228881836,21.850000381469727,16835700.0,21.600473403930664
2018-03-26,22.440000534057617,21.920000076293945,22.25,22.200000762939453,9768600.0,21.946475982666016
2018-03-27,22.34000015258789,21.68000030517578,22.229999542236328,21.770000457763672,15088800.0,21.521387100219727
2018-03-28,21.8700008392334,21.43000030517578,21.770000457763672,21.690000534057617,13347800.0,21.44230079650879
2018-03-29,22.079999923706055,21.770000457763672,21.81999969482422,21.920000076293945,8428200.0,21.6696720123291
2018-04-02,21.8799991607666,20.920000076293945,21.84000015258789,21.139999389648438,10079000.0,20.898578643798828
2018-04-03,21.559999465942383,21.010000228881836,21.34000015258789,21.31999969482422,8117000.0,21.07652473449707
2018-04-04,21.610000610351562,20.809999465942383,20.8700008392334,21.540000915527344,8208400.0,21.29401206970215
2018-04-05,21.829999923706055,21.5,21.639999389648438,21.549999237060547,7189200.0,21.303895950317383
2018-04-06,21.6200008392334,20.600000381469727,21.280000686645508,20.780000686645508,10557600.0,20.542692184448242
2018-04-09,21.31999969482422,20.760000228881836,20.940000534057617,20.889999389648438,8208900.0,20.65143394470215
2018-04-10,21.920000076293945,21.190000534057617,21.190000534057617,21.75,11728200.0,21.50161361694336
2018-04-11,21.829999923706055,21.5,21.549999237060547,21.59000015258789,9736500.0,21.343441009521484
2018-04-12,22.100000381469727,21.760000228881836,21.799999237060547,21.940000534057617,8036300.0,21.689443588256836
2018-04-13,22.1200008392334,21.649999618530273,22.040000915527344,21.770000457763672,5867500.0,21.521387100219727
2018-04-16,22.030000686645508,21.729999542236328,21.969999313354492,21.850000381469727,8246500.0,21.600473403930664
2018-04-17,22.1200008392334,21.959999084472656,22.09000015258789,22.049999237060547,5719100.0,21.798187255859375
2018-04-18,22.139999389648438,21.969999313354492,22.110000610351562,22.030000686645508,7955000.0,21.77841567993164
2018-04-19,21.93000030517578,21.489999771118164,21.90999984741211,21.65999984741211,7028900.0,21.412639617919922
2018-04-20,21.770000457763672,21.43000030517578,21.65999984741211,21.530000686645508,7425100.0,21.284128189086914
2018-04-23,21.649999618530273,21.239999771118164,21.559999465942383,21.3799991607666,6374500.0,21.13583755493164
2018-04-24,21.639999389648438,21.030000686645508,21.389999389648438,21.200000762939453,7331600.0,20.957895278930664
2018-04-25,21.360000610351562,21.079999923706055,21.170000076293945,21.309999465942383,7279400.0,21.06663703918457
2018-04-26,21.530000686645508,21.329999923706055,21.5,21.479999542236328,5632100.0,21.234697341918945
2018-04-27,21.65999984741211,21.459999084472656,21.520000457763672,21.610000610351562,7237500.0,21.36321449279785
2018-04-30,21.860000610351562,21.3799991607666,21.65999984741211,21.489999771118164,7536600.0,21.244583129882812
2018-05-01,21.889999389648438,21.399999618530273,21.450000762939453,21.81999969482422,8273700.0,21.570812225341797
2018-05-02,21.90999984741211,21.5,21.90999984741211,21.549999237060547,8476400.0,21.303895950317383
2018-05-03,21.5,20.959999084472656,21.459999084472656,21.31999969482422,5958300.0,21.07652473449707
2018-05-04,21.780000686645508,21.209999084472656,21.209999084472656,21.68000030517578,6547700.0,21.43241310119629
2018-05-07,21.860000610351562,21.65999984741211,21.709999084472656,21.790000915527344,6851100.0,21.541156768798828
2018-05-08,21.989999771118164,21.649999618530273,21.75,21.959999084472656,6372800.0,21.70921516418457
2018-05-09,22.6200008392334,21.989999771118164,22.010000228881836,22.579999923706055,6288500.0,22.32213592529297
2018-05-10,22.780000686645508,22.510000228881836,22.670000076293945,22.75,4950400.0,22.49019432067871
2018-05-11,22.84000015258789,22.6299991607666,22.719999313354492,22.709999084472656,5544400.0,22.450651168823242
2018-05-14,23.06999969482422,22.520000457763672,22.81999969482422,22.56999969482422,7655200.0,22.31224822998047
2018-05-15,22.40999984741211,21.790000915527344,22.399999618530273,22.040000915527344,8544800.0,21.78830337524414
2018-05-16,22.280000686645508,21.989999771118164,22.059999465942383,22.229999542236328,6158300.0,21.976131439208984
2018-05-17,22.469999313354492,22.1200008392334,22.15999984741211,22.299999237060547,7286700.0,22.045331954956055
2018-05-18,22.329999923706055,22.110000610351562,22.299999237060547,22.139999389648438,6295600.0,21.88715934753418
2018-05-21,22.34000015258789,22.0,22.34000015258789,22.09000015258789,6349800.0,21.837730407714844
2018-05-22,22.260000228881836,22.010000228881836,22.1200008392334,22.06999969482422,8676700.0,21.81795883178711
2018-05-23,21.899999618530273,21.549999237060547,21.8700008392334,21.899999618530273,9814200.0,21.649898529052734
2018-05-24,21.979999542236328,21.440000534057617,21.799999237060547,21.920000076293945,8251800.0,21.6696720123291
2018-05-25,21.979999542236328,21.799999237060547,21.860000610351562,21.90999984741211,7733100.0,21.659786224365234
2018-05-29,21.780000686645508,21.200000762939453,21.739999771118164,21.299999237060547,13208500.0,21.056751251220703
2018-05-30,22.479999542236328,21.040000915527344,22.399999618530273,22.15999984741211,18182000.0,21.906930923461914
2018-05-31,22.31999969482422,21.959999084472656,22.110000610351562,22.030000686645508,15182500.0,21.77841567993164
2018-06-01,22.709999084472656,22.110000610351562,22.139999389648438,22.68000030517578,9187800.0,22.420991897583008
2018-06-04,22.829999923706055,22.600000381469727,22.700000762939453,22.739999771118164,8164800.0,22.480308532714844
2018-06-05,23.5,22.780000686645508,22.84000015258789,23.420000076293945,14278000.0,23.152542114257812
2018-06-06,23.600000381469727,23.18000030517578,23.520000457763672,23.510000228881836,10129200.0,23.241514205932617
2018-06-07,23.700000762939453,23.3700008392334,23.530000686645508,23.549999237060547,9292400.0,23.281057357788086
2018-06-08,23.75,23.399999618530273,23.399999618530273,23.709999084472656,6778800.0,23.43922996520996
2018-06-11,24.200000762939453,23.649999618530273,23.68000030517578,24.010000228881836,9149100.0,23.73580551147461
2018-06-12,23.989999771118164,23.549999237060547,23.989999771118164,23.6200008392334,6088400.0,23.486520767211914
2018-06-13,23.75,23.540000915527344,23.6200008392334,23.540000915527344,8073200.0,23.406972885131836
2018-06-14,23.989999771118164,23.6299991607666,23.6299991607666,23.799999237060547,8243000.0,23.665502548217773
2018-06-15,23.700000762939453,23.440000534057617,23.700000762939453,23.59000015258789,13022800.0,23.456689834594727
2018-06-18,23.75,23.299999237060547,23.3700008392334,23.649999618530273,5550200.0,23.51634979248047
2018-06-19,23.56999969482422,23.15999984741211,23.309999465942383,23.520000457763672,8855500.0,23.387086868286133
2018-06-20,23.690000534057617,23.299999237060547,23.600000381469727,23.299999237060547,6834400.0,23.16832733154297
2018-06-21,23.6200008392334,23.309999465942383,23.540000915527344,23.5,8911800.0,23.367198944091797
2018-06-22,23.899999618530273,23.59000015258789,23.649999618530273,23.799999237060547,14816900.0,23.665502548217773
2018-06-25,23.760000228881836,22.940000534057617,23.6299991607666,23.09000015258789,8785300.0,22.959516525268555
2018-06-26,23.229999542236328,22.989999771118164,23.1299991607666,23.049999237060547,6863200.0,22.919740676879883
2018-06-27,23.170000076293945,22.809999465942383,22.979999542236328,22.809999465942383,7520900.0,22.68109703063965
2018-06-28,22.850000381469727,22.350000381469727,22.829999923706055,22.670000076293945,9800800.0,22.541889190673828
2018-06-29,23.049999237060547,22.670000076293945,22.799999237060547,22.690000534057617,7585900.0,22.561777114868164
2018-07-02,22.860000610351562,22.3799991607666,22.540000915527344,22.860000610351562,5855900.0,22.730815887451172
2018-07-03,22.93000030517578,22.549999237060547,22.920000076293945,22.59000015258789,3619200.0,22.46234130859375
2018-07-05,22.989999771118164,22.450000762939453,22.81999969482422,22.75,7158600.0,22.621437072753906
2018-07-06,23.219999313354492,22.600000381469727,22.780000686645508,23.010000228881836,5375100.0,22.879968643188477
2018-07-09,23.440000534057617,23.010000228881836,23.139999389648438,23.3700008392334,7057100.0,23.237934112548828
2018-07-10,23.969999313354492,23.360000610351562,23.360000610351562,23.8700008392334,10481600.0,23.735109329223633
2018-07-11,23.709999084472656,23.049999237060547,23.649999618530273,23.059999465942383,6833500.0,22.929685592651367
2018-07-12,23.6200008392334,23.219999313354492,23.280000686645508,23.530000686645508,6345400.0,23.397029876708984
2018-07-13,23.770000457763672,23.299999237060547,23.309999465942383,23.709999084472656,5150200.0,23.576011657714844
2018-07-16,23.739999771118164,23.510000228881836,23.690000534057617,23.56999969482422,3791500.0,23.436803817749023
2018-07-17,23.719999313354492,23.3799991607666,23.3799991607666,23.59000015258789,4094700.0,23.456689834594727
2018-07-18,23.68000030517578,23.31999969482422,23.600000381469727,23.530000686645508,6467400.0,23.397029876708984
2018-07-19,23.530000686645508,23.170000076293945,23.399999618530273,23.190000534057617,6056000.0,23.058950424194336
2018-07-20,23.200000762939453,22.889999389648438,23.190000534057617,22.940000534057617,6919000.0,22.81036376953125
2018-07-23,23.149999618530273,22.65999984741211,22.8700008392334,23.040000915527344,5596300.0,22.909799575805664
2018-07-24,23.450000762939453,22.899999618530273,23.25,22.989999771118164,7192200.0,22.86008071899414
2018-07-25,23.309999465942383,22.90999984741211,22.90999984741211,23.290000915527344,5854100.0,23.15838623046875
2018-07-26,23.649999618530273,23.219999313354492,23.219999313354492,23.450000762939453,6452300.0,23.317481994628906
2018-07-27,23.549999237060547,23.110000610351562,23.450000762939453,23.229999542236328,4729700.0,23.098724365234375
2018-07-30,23.389999389648438,22.969999313354492,23.25,23.100000381469727,4268300.0,22.969459533691406
2018-07-31,23.219999313354492,23.049999237060547,23.1200008392334,23.079999923706055,6092600.0,22.94957160949707
2018-08-01,23.299999237060547,22.959999084472656,23.139999389648438,23.010000228881836,4344500.0,22.879968643188477
2018-08-02,23.260000228881836,22.889999389648438,22.889999389648438,23.209999084472656,5254300.0,23.07883644104004
2018-08-03,23.489999771118164,23.219999313354492,23.260000228881836,23.34000015258789,5092800.0,23.20810317993164
2018-08-06,23.829999923706055,23.280000686645508,23.280000686645508,23.739999771118164,5649700.0,23.60584259033203
2018-08-07,24.079999923706055,23.799999237060547,23.829999923706055,23.989999771118164,6311700.0,23.854429244995117
2018-08-08,24.25,23.93000030517578,23.979999542236328,24.139999389648438,5567800.0,24.003582000732422
2018-08-09,24.31999969482422,24.049999237060547,24.1299991607666,24.079999923706055,4837000.0,23.943920135498047
2018-08-10,24.09000015258789,23.90999984741211,23.90999984741211,23.989999771118164,5335900.0,23.854429244995117
2018-08-13,24.15999984741211,23.790000915527344,24.049999237060547,23.799999237060547,4631500.0,23.665502548217773
2018-08-14,24.25,23.93000030517578,23.93000030517578,24.149999618530273,5071400.0,24.013525009155273
2018-08-15,24.09000015258789,23.8799991607666,23.90999984741211,24.030000686645508,6318700.0,23.89420509338379
2018-08-16,24.290000915527344,24.059999465942383,24.18000030517578,24.139999389648438,6125700.0,24.003582000732422
2018-08-17,24.6200008392334,24.06999969482422,24.079999923706055,24.540000915527344,7524400.0,24.401323318481445
2018-08-20,24.799999237060547,24.450000762939453,24.540000915527344,24.540000915527344,6085600.0,24.401323318481445
2018-08-21,24.729999542236328,24.350000381469727,24.600000381469727,24.489999771118164,8179200.0,24.351604461669922
2018-08-22,24.6299991607666,24.25,24.459999084472656,24.489999771118164,5273800.0,24.351604461669922
2018-08-23,24.709999084472656,24.479999542236328,24.5,24.6299991607666,8162100.0,24.490812301635742
2018-08-24,24.3799991607666,23.68000030517578,24.0,24.149999618530273,12857900.0,24.013525009155273
2018-08-27,24.559999465942383,24.270000457763672,24.389999389648438,24.329999923706055,6600000.0,24.192508697509766
2018-08-28,24.59000015258789,24.309999465942383,24.440000534057617,24.489999771118164,5619700.0,24.351604461669922
2018-08-29,25.280000686645508,24.510000228881836,24.549999237060547,25.079999923706055,11216200.0,24.938270568847656
2018-08-30,25.260000228881836,24.690000534057617,25.040000915527344,24.729999542236328,9607900.0,24.590248107910156
2018-08-31,24.729999542236328,24.420000076293945,24.559999465942383,24.649999618530273,8939200.0,24.510700225830078
2018-09-04,24.8799991607666,24.389999389648438,24.530000686645508,24.809999465942383,8906600.0,24.669795989990234
2018-09-05,24.93000030517578,24.479999542236328,24.829999923706055,24.68000030517578,12746000.0,24.540531158447266
2018-09-06,24.920000076293945,24.639999389648438,24.709999084472656,24.68000030517578,7686500.0,24.540531158447266
2018-09-07,24.959999084472656,24.65999984741211,24.760000228881836,24.709999084472656,14398300.0,24.57036018371582
2018-09-10,24.889999389648438,24.56999969482422,24.780000686645508,24.649999618530273,11585700.0,24.510700225830078
2018-09-11,24.809999465942383,24.350000381469727,24.450000762939453,24.68000030517578,13718300.0,24.68000030517578
2018-09-12,24.690000534057617,24.420000076293945,24.600000381469727,24.600000381469727,6950600.0,24.600000381469727
2018-09-13,25.09000015258789,24.670000076293945,24.709999084472656,25.010000228881836,6814900.0,25.010000228881836
2018-09-14,25.149999618530273,24.959999084472656,25.010000228881836,25.040000915527344,5509800.0,25.040000915527344
2018-09-17,25.25,24.979999542236328,25.040000915527344,25.010000228881836,5937400.0,25.010000228881836
2018-09-18,25.270000457763672,24.959999084472656,24.979999542236328,25.15999984741211,7597400.0,25.15999984741211
2018-09-19,25.329999923706055,25.049999237060547,25.149999618530273,25.260000228881836,7133900.0,25.260000228881836
2018-09-20,25.780000686645508,25.399999618530273,25.440000534057617,25.690000534057617,10136200.0,25.690000534057617
2018-09-21,26.139999389648438,25.729999542236328,25.790000915527344,25.829999923706055,21915800.0,25.829999923706055
2018-09-24,25.950000762939453,25.719999313354492,25.729999542236328,25.8700008392334,9643700.0,25.8700008392334
2018-09-25,25.940000534057617,25.520000457763672,25.860000610351562,25.559999465942383,6308800.0,25.559999465942383
2018-09-26,26.219999313354492,25.709999084472656,25.709999084472656,25.969999313354492,10367800.0,25.969999313354492
2018-09-27,26.020000457763672,25.579999923706055,26.010000228881836,25.6299991607666,7933500.0,25.6299991607666
2018-09-28,25.889999389648438,25.479999542236328,25.540000915527344,25.770000457763672,9174500.0,25.770000457763672
2018-10-01,25.979999542236328,25.530000686645508,25.799999237060547,25.600000381469727,8571800.0,25.600000381469727
2018-10-02,26.149999618530273,25.600000381469727,25.600000381469727,26.079999923706055,14379900.0,26.079999923706055
2018-10-03,26.34000015258789,25.969999313354492,26.200000762939453,26.059999465942383,8714400.0,26.059999465942383
2018-10-04,27.079999923706055,26.219999313354492,26.889999389648438,26.420000076293945,12955500.0,26.420000076293945
2018-10-05,26.43000030517578,25.219999313354492,26.270000457763672,25.34000015258789,15682400.0,25.34000015258789
2018-10-08,25.350000381469727,24.940000534057617,25.190000534057617,25.010000228881836,11520200.0,25.010000228881836
2018-10-09,25.1200008392334,24.75,24.8700008392334,24.969999313354492,9625500.0,24.969999313354492
2018-10-10,25.0,24.219999313354492,24.809999465942383,24.260000228881836,14230000.0,24.260000228881836
2018-10-11,24.139999389648438,22.84000015258789,24.06999969482422,23.010000228881836,18005500.0,23.010000228881836
2018-10-12,23.760000228881836,23.270000457763672,23.459999084472656,23.670000076293945,12284500.0,23.670000076293945
2018-10-15,23.850000381469727,23.540000915527344,23.6200008392334,23.559999465942383,9107900.0,23.559999465942383
2018-10-16,23.979999542236328,23.559999465942383,23.770000457763672,23.959999084472656,8101400.0,23.959999084472656
2018-10-17,24.1299991607666,23.600000381469727,24.030000686645508,23.8700008392334,7839200.0,23.8700008392334
2018-10-18,24.09000015258789,23.540000915527344,23.809999465942383,23.770000457763672,7205500.0,23.770000457763672
2018-10-19,24.25,23.649999618530273,23.8700008392334,23.84000015258789,11827000.0,23.84000015258789
2018-10-22,24.43000030517578,23.950000762939453,24.0,24.110000610351562,10434900.0,24.110000610351562
2018-10-23,24.1299991607666,23.260000228881836,23.610000610351562,23.940000534057617,9621900.0,23.940000534057617
2018-10-24,24.040000915527344,23.020000457763672,23.969999313354492,23.059999465942383,11420600.0,23.059999465942383
2018-10-25,24.059999465942383,23.270000457763672,23.280000686645508,23.790000915527344,11226200.0,23.790000915527344
2018-10-26,23.6299991607666,22.850000381469727,23.309999465942383,23.1299991607666,12369400.0,23.1299991607666
2018-10-29,23.719999313354492,22.700000762939453,23.479999542236328,23.020000457763672,9897300.0,23.020000457763672
2018-10-30,23.700000762939453,22.979999542236328,23.06999969482422,23.670000076293945,9440800.0,23.670000076293945
2018-10-31,24.3700008392334,23.780000686645508,23.84000015258789,24.139999389648438,9992200.0,24.139999389648438
2018-11-01,24.5,23.979999542236328,24.239999771118164,24.489999771118164,7361500.0,24.489999771118164
2018-11-02,24.829999923706055,24.299999237060547,24.360000610351562,24.6299991607666,11792200.0,24.6299991607666
2018-11-05,24.770000457763672,24.420000076293945,24.6299991607666,24.639999389648438,7039000.0,24.639999389648438
2018-11-06,24.8799991607666,24.530000686645508,24.59000015258789,24.8799991607666,6444500.0,24.8799991607666
2018-11-07,25.510000228881836,24.65999984741211,25.079999923706055,25.469999313354492,8228400.0,25.469999313354492
2018-11-08,25.719999313354492,25.3700008392334,25.420000076293945,25.5,7545700.0,25.5
2018-11-09,25.489999771118164,24.760000228881836,25.360000610351562,25.0,7125800.0,25.0
2018-11-12,24.860000610351562,23.940000534057617,24.770000457763672,23.989999771118164,7794700.0,23.989999771118164
2018-11-13,24.329999923706055,23.780000686645508,23.989999771118164,23.950000762939453,7820600.0,23.950000762939453
2018-11-14,24.420000076293945,23.690000534057617,24.260000228881836,23.729999542236328,9949500.0,23.729999542236328
2018-11-15,24.43000030517578,23.420000076293945,23.549999237060547,24.170000076293945,10585800.0,24.170000076293945
2018-11-16,24.3700008392334,23.959999084472656,23.989999771118164,24.15999984741211,8672100.0,24.15999984741211
2018-11-19,24.170000076293945,23.309999465942383,24.09000015258789,23.549999237060547,10002900.0,23.549999237060547
2018-11-20,23.1200008392334,22.469999313354492,23.06999969482422,22.610000610351562,10786900.0,22.610000610351562
2018-11-21,23.079999923706055,22.65999984741211,22.770000457763672,22.65999984741211,8218100.0,22.65999984741211
2018-11-23,22.760000228881836,22.270000457763672,22.389999389648438,22.510000228881836,3909000.0,22.510000228881836
2018-11-26,22.920000076293945,22.479999542236328,22.850000381469727,22.809999465942383,10111000.0,22.809999465942383
2018-11-27,22.770000457763672,22.469999313354492,22.6299991607666,22.729999542236328,10173900.0,22.729999542236328
2018-11-28,23.440000534057617,22.610000610351562,22.799999237060547,23.43000030517578,9003500.0,23.43000030517578
2018-11-29,23.290000915527344,22.65999984741211,23.290000915527344,22.860000610351562,17342500.0,22.860000610351562
2018-11-30,23.239999771118164,22.420000076293945,23.219999313354492,23.0,19163100.0,23.0
2018-12-03,24.020000457763672,23.399999618530273,23.399999618530273,23.950000762939453,13177200.0,23.950000762939453
2018-12-04,24.170000076293945,23.040000915527344,23.889999389648438,23.239999771118164,15220600.0,23.239999771118164
2018-12-06,24.09000015258789,22.700000762939453,22.760000228881836,24.020000457763672,19873600.0,24.020000457763672
2018-12-07,23.90999984741211,22.6299991607666,23.899999618530273,22.93000030517578,17391100.0,22.93000030517578
